Serial initialized!
Starting new process at wheel ref = 0
++++++++++++++++++++++++++++++++++++++++++++++++++++++
Reference Wheel: 0
B_U1: 1.40000000
B_U2: -0.40000000
B_E0: 0.26000000
B_E1: -0.21580000
B_E2: 0.04134000
Sample Rate [ms]: 50
Step Started [ms]: 1000
Run Time [ms]: 5000
Data format: time_stamp_us,wheel_speed_rad_sec,command_volt,command_pwm,pitch_rad,ang_vel_rad_s
-------------------------------------------------------
23,0.00,0.00,0,-3.08,0.00
50024,0.00,0.00,0,-3.08,0.01
100027,0.00,0.00,0,-3.08,0.01
150028,0.00,0.00,0,-3.09,0.02
200028,0.00,0.00,0,-3.09,0.03
250028,0.00,0.00,0,-3.09,0.05
300031,0.00,0.00,0,-3.09,0.07
350032,0.00,0.00,0,-3.09,0.09
400035,0.00,0.00,0,-3.10,0.09
450036,0.00,0.00,0,-3.10,0.07
500039,0.00,0.00,0,-3.11,0.04
550040,0.00,0.00,0,-3.11,0.01
600040,0.00,0.00,0,-3.11,-0.02
650043,0.00,0.00,0,-3.10,-0.04
700044,0.00,0.00,0,-3.10,-0.05
750044,0.00,0.00,0,-3.10,-0.05
800044,0.00,0.00,0,-3.10,-0.05
850047,0.00,0.00,0,-3.09,-0.04
900048,0.00,0.00,0,-3.09,-0.04
950048,0.00,0.00,0,-3.09,-0.05
1000048,0.00,0.00,0,-3.09,-0.05
1050048,0.00,0.00,0,-3.09,-0.04
1100048,0.00,0.00,0,-3.08,-0.03
1150048,0.00,0.00,0,-3.08,-0.01
1200048,0.00,0.00,0,-3.08,0.02
1250048,0.00,0.00,0,-3.08,0.04
1300048,0.00,0.00,0,-3.09,0.06
1350048,0.00,0.00,0,-3.09,0.07
1400048,0.00,0.00,0,-3.09,0.07
1450048,0.00,0.00,0,-3.10,0.05
1500048,0.00,0.00,0,-3.10,0.04
1550048,0.00,0.00,0,-3.10,0.03
1600048,0.00,0.00,0,-3.10,0.02
1650048,0.00,0.00,0,-3.10,0.01
1700048,0.00,0.00,0,-3.10,0.01
1750051,0.00,0.00,0,-3.10,0.00
1800052,0.00,0.00,0,-3.10,-0.01
1850052,0.00,0.00,0,-3.10,-0.03
1900052,0.00,0.00,0,-3.10,-0.05
1950052,0.00,0.00,0,-3.10,-0.06
2000052,0.00,0.00,0,-3.09,-0.06
2050052,0.00,0.00,0,-3.09,-0.05
2100052,0.00,0.00,0,-3.09,-0.04
2150052,0.00,0.00,0,-3.09,-0.02
2200052,0.00,0.00,0,-3.09,-0.00
2250052,0.00,0.00,0,-3.09,0.01
2300052,0.00,0.00,0,-3.09,0.02
2350052,0.00,0.00,0,-3.09,0.02
2400055,0.00,0.00,0,-3.09,0.03
2450056,0.00,0.00,0,-3.09,0.03
2500056,0.00,0.00,0,-3.09,0.04
2550056,0.00,0.00,0,-3.10,0.04
2600056,0.00,0.00,0,-3.10,0.05
2650056,0.00,0.00,0,-3.10,0.05
2700056,0.00,0.00,0,-3.10,0.04
2750056,0.00,0.00,0,-3.10,0.02
2800056,0.00,0.00,0,-3.10,0.00
2850056,0.00,0.00,0,-3.10,-0.01
2900056,0.00,0.00,0,-3.10,-0.03
2950056,0.00,0.00,0,-3.10,-0.04
3000056,0.00,0.00,0,-3.10,-0.04
3050056,0.00,0.00,0,-3.10,-0.03
3100056,0.00,0.00,0,-3.10,-0.03
3150056,0.00,0.00,0,-3.09,-0.03
3200056,0.00,0.00,0,-3.09,-0.03
3250056,0.00,0.00,0,-3.09,-0.02
3300056,0.00,0.00,0,-3.09,-0.02
3350056,0.00,0.00,0,-3.09,-0.01
3400056,0.00,0.00,0,-3.09,0.00
3450056,0.00,0.00,0,-3.09,0.02
3500056,0.00,0.00,0,-3.09,0.03
3550056,0.00,0.00,0,-3.09,0.04
3600059,0.00,0.00,0,-3.10,0.04
3650060,0.00,0.00,0,-3.10,0.04
3700060,0.00,0.00,0,-3.10,0.03
3750060,0.00,0.00,0,-3.10,0.02
3800060,0.00,0.00,0,-3.10,0.02
3850060,0.00,0.00,0,-3.10,0.01
3900060,0.00,0.00,0,-3.10,0.00
3950060,0.00,0.00,0,-3.10,-0.00
4000060,0.00,0.00,0,-3.10,-0.01
4050060,0.00,0.00,0,-3.10,-0.01
4100060,0.00,0.00,0,-3.10,-0.02
4150060,0.00,0.00,0,-3.10,-0.03
4200060,0.00,0.00,0,-3.10,-0.04
4250060,0.00,0.00,0,-3.10,-0.03
4300060,0.00,0.00,0,-3.09,-0.03
4350060,0.00,0.00,0,-3.09,-0.02
4400060,0.00,0.00,0,-3.09,-0.01
4450060,0.00,0.00,0,-3.09,0.00
4500060,0.00,0.00,0,-3.09,0.01
4550060,0.00,0.00,0,-3.09,0.02
4600060,0.00,0.00,0,-3.09,0.02
4650060,0.00,0.00,0,-3.09,0.02
4700060,0.00,0.00,0,-3.10,0.02
4750060,0.00,0.00,0,-3.10,0.02
4800060,0.00,0.00,0,-3.10,0.03
4850060,0.00,0.00,0,-3.10,0.03
4900060,0.00,0.00,0,-3.10,0.03
4950060,0.00,0.00,0,-3.10,0.02
5000060,0.00,0.00,0,-3.10,0.01
5050060,0.00,0.00,0,-3.10,-0.00
5100060,0.00,0.00,0,-3.10,-0.01
5150060,0.00,0.00,0,-3.10,-0.02
5200060,0.00,0.00,0,-3.10,-0.02
5250060,0.00,0.00,0,-3.10,-0.02
5300060,0.00,0.00,0,-3.10,-0.02
5350060,0.00,0.00,0,-3.10,-0.02
5400060,0.00,0.00,0,-3.10,-0.02
5450060,0.00,0.00,0,-3.10,-0.02
5500060,0.00,0.00,0,-3.09,-0.01
5550060,0.00,0.00,0,-3.09,-0.01
5600060,0.00,0.00,0,-3.09,-0.00
5650060,0.00,0.00,0,-3.09,0.01
5700060,0.00,0.00,0,-3.09,0.01
5750060,0.00,0.00,0,-3.10,0.02
5800060,0.00,0.00,0,-3.10,0.03
5850060,0.00,0.00,0,-3.10,0.03
5900060,0.00,0.00,0,-3.10,0.03
5950060,0.00,0.00,0,-3.10,0.02
6000060,0.00,0.00,0,-3.10,0.01
6050060,0.00,0.00,0,-3.10,0.01
6100060,0.00,0.00,0,-3.10,0.00
6150060,0.00,0.00,0,-3.10,-0.00
6200060,0.00,0.00,0,-3.10,0.00
6250060,0.00,0.00,0,-3.10,-0.01
6300060,0.00,0.00,0,-3.10,-0.01
6350060,0.00,0.00,0,-3.10,-0.02
6400060,0.00,0.00,0,-3.10,-0.02
6450060,0.00,0.00,0,-3.10,-0.02
6500060,0.00,0.00,0,-3.10,-0.03
6550060,0.00,0.00,0,-3.10,-0.02
6600060,0.00,0.00,0,-3.10,-0.02
6650060,0.00,0.00,0,-3.10,-0.01
6700060,0.00,0.00,0,-3.10,0.00
6750060,0.00,0.00,0,-3.10,0.01
6800060,0.00,0.00,0,-3.10,0.02
6850060,0.00,0.00,0,-3.10,0.02
6900060,0.00,0.00,0,-3.10,0.02
6950060,0.00,0.00,0,-3.10,0.02
7000060,0.00,0.00,0,-3.10,0.01
7050060,0.00,0.00,0,-3.10,0.01
7100060,0.00,0.00,0,-3.10,0.02
7150060,0.00,0.00,0,-3.10,0.02
7200060,0.00,0.00,0,-3.10,0.01
7250060,0.00,0.00,0,-3.10,0.01
7300060,0.00,0.00,0,-3.10,0.00
7350060,0.00,0.00,0,-3.10,-0.01
7400060,0.00,0.00,0,-3.10,-0.02
7450060,0.00,0.00,0,-3.10,-0.03
7500060,0.00,0.00,0,-3.10,-0.02
7550060,0.00,0.00,0,-3.10,-0.02
7600060,0.00,0.00,0,-3.10,-0.02
7650060,0.00,0.00,0,-3.10,-0.01
7700063,0.00,0.00,0,-3.10,-0.00
7750064,0.00,0.00,0,-3.10,-0.00
7800064,0.00,0.00,0,-3.10,-0.00
7850064,0.00,0.00,0,-3.10,0.00
7900064,0.00,0.00,0,-3.10,0.00
7950064,0.00,0.00,0,-3.10,0.01
8000064,0.00,0.00,0,-3.10,0.02
8050064,0.00,0.00,0,-3.10,0.02
8100064,0.00,0.00,0,-3.10,0.03
8150064,0.00,0.00,0,-3.10,0.03
8200064,0.00,0.00,0,-3.10,0.02
8250064,0.00,0.00,0,-3.10,0.01
8300064,0.00,0.00,0,-3.10,0.00
8350064,0.00,0.00,0,-3.11,-0.00
8400064,0.00,0.00,0,-3.10,-0.01
8450064,0.00,0.00,0,-3.10,-0.01
8500064,0.00,0.00,0,-3.10,-0.01
8550064,0.00,0.00,0,-3.10,-0.01
8600064,0.00,0.00,0,-3.10,-0.01
8650064,0.00,0.00,0,-3.10,-0.02
8700064,0.00,0.00,0,-3.10,-0.02
8750064,0.00,0.00,0,-3.10,-0.02
8800064,0.00,0.00,0,-3.10,-0.02
8850064,0.00,0.00,0,-3.10,-0.01
8900064,0.00,0.00,0,-3.10,-0.00
8950064,0.00,0.00,0,-3.10,0.01
9000064,0.00,0.00,0,-3.10,0.02
9050064,0.00,0.00,0,-3.10,0.02
9100064,0.00,0.00,0,-3.10,0.02
9150064,0.00,0.00,0,-3.10,0.02
9200064,0.00,0.00,0,-3.10,0.01
9250064,0.00,0.00,0,-3.10,0.01
9300064,0.00,0.00,0,-3.11,0.01
9350064,0.00,0.00,0,-3.11,0.01
9400064,0.00,0.00,0,-3.11,0.01
9450064,0.00,0.00,0,-3.11,0.01
9500064,0.00,0.00,0,-3.11,0.00
9550064,0.00,0.00,0,-3.11,-0.01
9600064,0.00,0.00,0,-3.11,-0.01
9650064,0.00,0.00,0,-3.11,-0.02
9700064,0.00,0.00,0,-3.10,-0.02
9750064,0.00,0.00,0,-3.10,-0.02
9800064,0.00,0.00,0,-3.10,-0.02
9850064,0.00,0.00,0,-3.10,-0.01
9900064,0.00,0.00,0,-3.10,-0.01
9950064,0.00,0.00,0,-3.10,-0.00
++++++++++++++++++++++++++++++++++++++++++++++++++++++
Enter a new Wheel Ref: Starting new process at wheel ref = 30
++++++++++++++++++++++++++++++++++++++++++++++++++++++
Reference Wheel: 30
B_U1: 1.40000000
B_U2: -0.40000000
B_E0: 0.26000000
B_E1: -0.21580000
B_E2: 0.04134000
Sample Rate [ms]: 50
Step Started [ms]: 1000
Run Time [ms]: 5000
Data format: time_stamp_us,wheel_speed_rad_sec,command_volt,command_pwm,pitch_rad,ang_vel_rad_s
-------------------------------------------------------
23,0.00,0.00,0,-3.10,0.01
50026,0.00,0.00,0,-3.10,0.00
100027,0.00,0.00,0,-3.10,0.00
150027,0.00,0.00,0,-3.10,-0.00
200027,0.00,0.00,0,-3.10,-0.01
250027,0.00,0.00,0,-3.10,-0.01
300030,0.00,0.00,0,-3.10,-0.01
350031,0.00,0.00,0,-3.10,-0.01
400031,0.00,0.00,0,-3.10,-0.01
450034,0.00,0.00,0,-3.10,-0.01
500034,0.00,0.00,0,-3.10,-0.01
550035,0.00,0.00,0,-3.10,-0.01
600035,0.00,0.00,0,-3.10,-0.00
650035,0.00,0.00,0,-3.10,0.00
700039,0.00,0.00,0,-3.10,0.01
750039,0.00,0.00,0,-3.10,0.01
800039,0.00,0.00,0,-3.10,0.01
850039,0.00,0.00,0,-3.10,0.01
900042,0.00,0.00,0,-3.10,0.01
950043,0.00,0.00,0,-3.10,0.01
1000046,0.00,7.80,180,-3.10,0.01
1050047,14.31,8.53,197,-3.07,-1.99
1100047,41.45,3.69,85,-2.90,-4.01
1150047,53.49,-1.23,-28,-2.75,-2.98
1200050,30.02,1.39,32,-2.69,3.27
1250051,9.60,6.78,157,-2.95,6.47
1300051,28.19,5.00,115,3.05,3.56
1350051,50.70,-0.64,-14,2.97,-0.70
1400051,33.68,0.69,15,3.01,0.78
1450051,9.95,6.37,147,2.94,0.97
1500051,23.13,5.95,138,2.94,-2.98
1550051,48.78,0.25,5,-3.13,-6.81
1600051,42.24,-0.88,-20,-2.81,-3.21
1650051,7.68,6.34,146,-2.75,2.09
1700051,9.42,9.25,214,-2.93,4.41
1750051,39.62,4.40,102,-3.08,1.56
1800051,54.45,-0.97,-22,-3.11,-0.29
1850051,34.91,0.48,11,-3.11,1.70
1900051,7.59,6.94,160,2.98,4.78
1950054,21.20,6.77,156,2.80,1.04
2000055,48.17,1.01,23,2.86,-4.38
2050055,50.53,-2.35,-54,-3.14,-6.01
2100058,12.48,4.54,105,-2.93,-0.39
2150059,6.81,8.70,201,-3.02,1.98
2200059,41.19,3.17,73,-3.02,-1.73
2250059,52.62,-1.55,-35,-2.91,-2.00
2300059,26.01,2.02,46,-2.87,2.92
2350059,9.86,6.89,159,-3.12,6.35
2400059,32.03,4.13,95,2.96,2.61
2450059,50.44,-1.02,-23,2.98,-2.14
2500059,30.37,1.15,26,3.12,-2.96
2550059,9.16,6.67,154,3.10,1.25
2600059,25.57,5.52,127,3.10,-0.94
2650059,48.87,0.06,1,-3.02,-4.40
2700059,40.67,-0.65,-14,-2.82,-3.37
2750059,7.42,6.47,149,-2.86,3.27
2800059,11.52,8.80,204,-3.12,5.58
2850059,41.45,3.70,85,3.02,1.18
2900059,54.45,-1.46,-33,3.08,-2.06
2950059,30.28,1.21,27,-3.11,-1.27
3000059,7.07,7.29,168,3.04,3.50
3050059,25.13,6.02,139,2.96,0.32
3100062,50.35,0.12,2,3.08,-4.20
3150063,40.49,-0.37,-8,-2.95,-4.60
3200063,9.08,6.29,145,-2.92,1.49
3250063,12.92,8.45,195,-3.07,3.36
3300063,42.59,3.22,74,-3.11,-0.66
3350063,54.11,-1.71,-39,-3.00,-2.74
3400063,26.79,1.83,42,-2.94,0.06
3450063,8.03,7.27,168,3.14,4.99
3500066,29.67,4.92,114,3.00,1.24
3550067,51.22,-0.70,-16,3.08,-3.22
3600067,37.26,-0.24,-5,-3.01,-3.65
3650067,4.97,7.14,165,-3.03,2.10
3700067,12.83,8.85,205,3.13,2.09
3750067,41.71,3.82,88,-3.12,-2.29
3800067,55.07,-1.47,-34,-2.95,-3.79
3850067,32.46,0.70,16,-2.83,-1.03
3900067,5.06,7.55,174,-3.01,5.46
3950067,20.51,7.27,168,3.03,3.91
4000067,47.73,1.53,35,2.98,-0.86
4050067,49.74,-1.68,-38,3.13,-3.10
4100067,17.89,3.71,86,-3.08,-0.15
4150067,11.43,7.27,168,3.08,2.46
4200067,42.67,1.89,43,3.12,-2.51
4250067,49.13,-1.74,-40,-2.97,-4.09
4300067,18.33,3.45,80,-2.88,0.04
4350067,9.60,7.53,174,-3.06,4.34
4400067,40.58,2.48,57,-3.14,0.06
4450067,50.35,-1.70,-39,-3.05,-2.22
4500067,22.43,2.55,59,-3.01,0.53
4550067,8.55,7.35,170,3.09,3.90
4600067,34.99,3.66,84,3.04,-0.71
4650067,50.18,-1.10,-25,-3.11,-3.77
4700067,29.41,1.30,30,-2.93,-2.27
4750067,8.73,6.83,158,-3.01,2.56
4800067,25.83,5.56,128,-3.10,0.88
4850067,48.69,0.17,3,-3.05,-2.01
4900067,41.10,-0.67,-15,-2.94,-1.48
4950067,7.94,6.35,147,-3.04,4.04
5000067,11.52,8.75,202,3.01,3.95
5050067,41.98,3.52,81,2.97,-1.45
5100067,54.45,-1.58,-36,-3.14,-4.21
5150067,27.75,1.74,40,-2.97,-1.67
5200067,9.08,7.02,162,-3.07,2.63
5250067,29.58,4.81,111,-3.14,0.19
5300067,50.27,-0.56,-13,-3.06,-2.59
5350067,36.13,0.08,1,-2.94,-1.13
5400067,6.20,7.02,162,-3.07,4.22
5450067,15.62,8.14,188,3.02,2.87
5500067,45.38,2.47,57,3.03,-2.38
5550067,52.71,-1.79,-41,-3.05,-4.39
5600067,20.51,3.24,75,-2.92,-0.07
5650067,12.48,6.82,158,-3.05,2.47
5700067,40.23,2.20,51,-3.07,-0.98
5750067,47.39,-1.23,-28,-2.97,-2.11
5800067,19.72,3.39,78,-2.96,2.00
5850067,14.05,6.46,149,3.11,3.83
5900067,43.11,1.25,29,3.07,-0.86
5950067,47.65,-1.93,-44,-3.09,-2.60
6000067,13.53,0.00,0,-3.06,1.64
6050067,-3.84,0.00,0,3.04,3.62
6100067,-0.09,0.00,0,2.93,1.44
6150067,0.00,0.00,0,2.92,-0.55
6200067,0.00,0.00,0,3.00,-2.22
6250067,0.00,0.00,0,3.13,-3.02
6300067,0.00,0.00,0,-3.01,-2.63
6350067,0.00,0.00,0,-2.92,-1.29
6400067,0.00,0.00,0,-2.91,0.44
6450067,0.00,0.00,0,-2.97,1.94
6500067,0.00,0.00,0,-3.09,2.62
6550067,0.00,0.00,0,3.08,2.14
6600067,0.00,0.00,0,3.01,0.78
6650067,0.00,0.00,0,3.02,-0.90
6700067,0.00,0.00,0,3.11,-2.31
6750067,0.00,0.00,0,-3.04,-2.88
6800067,0.00,0.00,0,-2.91,-2.32
6850067,0.00,0.00,0,-2.84,-0.92
6900067,0.00,0.00,0,-2.84,0.79
6950067,0.00,0.00,0,-2.93,2.22
7000067,0.00,0.00,0,-3.06,2.85
7050067,0.00,0.00,0,3.10,2.40
7100067,0.00,0.00,0,3.02,1.14
7150067,0.00,0.00,0,3.01,-0.43
7200067,0.00,0.00,0,3.07,-1.73
7250067,0.00,0.00,0,-3.13,-2.28
7300067,0.00,0.00,0,-3.03,-1.85
7350067,0.00,0.00,0,-2.96,-0.70
7400067,0.00,0.00,0,-2.95,0.69
7450067,0.00,0.00,0,-3.00,1.79
7500067,0.00,0.00,0,-3.10,2.13
7550067,0.00,0.00,0,3.09,1.55
7600067,0.00,0.00,0,3.04,0.34
7650067,0.00,0.00,0,3.05,-0.79
7700067,0.00,0.00,0,3.11,-2.10
7750067,0.00,0.00,0,-3.06,-2.40
7800067,0.00,0.00,0,-2.95,-1.80
7850067,0.00,0.00,0,-2.89,-0.86
7900067,0.00,0.00,0,-2.88,0.52
7950067,0.00,0.00,0,-2.94,1.66
8000067,0.00,0.00,0,-3.04,2.15
8050067,0.00,0.00,0,-3.14,1.78
8100067,0.00,0.00,0,3.09,0.81
8150067,0.00,0.00,0,3.08,-0.40
8200067,0.00,0.00,0,3.13,-1.34
8250067,0.00,0.00,0,-3.08,-1.66
8300067,0.00,0.00,0,-3.01,-1.23
8350067,0.00,0.00,0,-2.98,-0.26
8400067,0.00,0.00,0,-2.99,0.83
8450067,0.00,0.00,0,-3.05,1.60
8500067,0.00,0.00,0,-3.14,1.75
8550067,0.00,0.00,0,3.08,1.17
8600067,0.00,0.00,0,3.05,0.14
8650067,0.00,0.00,0,3.07,-0.97
8700067,0.00,0.00,0,3.14,-1.74
8750067,0.00,0.00,0,-3.05,-1.88
8800067,0.00,0.00,0,-2.97,-1.35
8850067,0.00,0.00,0,-2.94,-0.38
8900067,0.00,0.00,0,-2.95,0.64
8950067,0.00,0.00,0,-3.00,1.34
9000067,0.00,0.00,0,-3.07,1.46
9050067,0.00,0.00,0,-3.13,0.96
9100067,0.00,0.00,0,3.13,0.12
9150067,0.00,0.00,0,-3.14,-0.72
9200067,0.00,0.00,0,-3.09,-1.20
9250067,0.00,0.00,0,-3.03,-1.13
9300067,0.00,0.00,0,-2.99,-0.54
9350067,0.00,0.00,0,-2.99,0.31
9400067,0.00,0.00,0,-3.02,1.09
9450067,0.00,0.00,0,-3.09,1.48
9500067,0.00,0.00,0,3.12,1.31
9550067,0.00,0.00,0,3.08,0.66
9600067,0.00,0.00,0,3.07,-0.22
9650067,0.00,0.00,0,3.10,-1.00
9700067,0.00,0.00,0,-3.12,-1.38
9750067,0.00,0.00,0,-3.05,-1.25
9800067,0.00,0.00,0,-3.01,-0.68
9850067,0.00,0.00,0,-3.00,0.08
9900067,0.00,0.00,0,-3.02,0.71
9950067,0.00,0.00,0,-3.06,0.97
++++++++++++++++++++++++++++++++++++++++++++++++++++++
Enter a new Wheel Ref: Starting new process at wheel ref = 60
++++++++++++++++++++++++++++++++++++++++++++++++++++++
Reference Wheel: 60
B_U1: 1.40000000
B_U2: -0.40000000
B_E0: 0.26000000
B_E1: -0.21580000
B_E2: 0.04134000
Sample Rate [ms]: 50
Step Started [ms]: 1000
Run Time [ms]: 5000
Data format: time_stamp_us,wheel_speed_rad_sec,command_volt,command_pwm,pitch_rad,ang_vel_rad_s
-------------------------------------------------------
23,0.00,0.00,0,-3.06,0.18
50023,0.00,0.00,0,-3.08,0.34
100023,0.00,0.00,0,-3.09,0.39
150026,0.00,0.00,0,-3.11,0.31
200026,0.00,0.00,0,-3.12,0.14
250027,0.00,0.00,0,-3.12,-0.07
300030,0.00,0.00,0,-3.11,-0.22
350030,0.00,0.00,0,-3.10,-0.28
400030,0.00,0.00,0,-3.09,-0.22
450030,0.00,0.00,0,-3.08,-0.10
500032,0.00,0.00,0,-3.08,0.03
550035,0.00,0.00,0,-3.08,0.11
600035,0.00,0.00,0,-3.09,0.09
650038,0.00,0.00,0,-3.09,-0.01
700039,0.00,0.00,0,-3.09,-0.13
750042,0.00,0.00,0,-3.08,-0.22
800042,0.00,0.00,0,-3.07,-0.24
850043,0.00,0.00,0,-3.06,-0.16
900046,0.00,0.00,0,-3.06,-0.01
950047,0.00,0.00,0,-3.06,0.15
1000047,0.00,15.60,255,-3.07,0.25
1050047,13.61,20.95,255,-3.07,-1.41
1100047,40.58,20.61,255,-2.91,-3.76
1150047,59.08,18.44,255,-2.72,-3.87
1200047,72.78,14.86,255,-2.59,-2.01
1250047,85.52,9.58,222,-2.55,0.30
1300047,97.56,2.69,62,-2.59,2.91
1350047,91.98,-1.34,-30,-2.75,5.76
1400047,51.49,4.62,107,-3.12,10.79
1450050,32.90,10.88,252,2.62,8.49
1500051,56.55,8.79,203,2.34,2.53
1550051,73.65,4.78,110,2.34,-3.26
1600051,80.02,1.06,24,2.60,-7.68
1650051,63.70,2.37,54,3.02,-8.49
1700051,45.03,6.75,156,-2.90,-6.47
1750051,46.69,8.58,198,-2.69,-3.41
1800051,61.09,6.78,157,-2.58,-1.41
1850051,70.07,4.22,97,-2.59,1.63
1900051,70.07,2.71,62,-2.74,4.66
1950052,60.39,3.76,87,-3.06,7.82
2000054,54.19,5.36,124,2.81,8.02
2050055,58.64,5.08,117,2.54,3.81
2100055,64.58,3.73,86,2.47,-0.59
2150055,65.19,2.88,66,2.62,-4.47
2200055,58.82,3.78,87,2.92,-6.96
2250055,53.49,5.36,124,-3.00,-7.52
2300055,56.55,5.54,128,-2.68,-5.65
2350055,61.09,4.85,112,-2.48,-2.91
2400055,62.66,4.26,98,-2.45,0.84
2450055,61.44,4.18,96,-2.59,4.10
2500055,58.73,4.68,108,-2.89,7.44
2550055,58.99,4.81,111,3.02,7.50
2600055,60.48,4.57,105,2.74,4.66
2650055,62.57,3.95,91,2.63,0.82
2700055,62.31,3.64,84,2.69,-2.77
2750055,60.13,3.87,89,2.90,-5.53
2800058,57.16,4.64,107,-3.09,-6.00
2850059,57.16,5.06,117,-2.84,-4.53
2900059,58.56,5.11,118,-2.69,-1.92
2950059,60.13,4.90,113,-2.69,1.15
3000059,61.61,4.49,104,-2.82,3.98
3050059,61.52,4.27,99,-3.08,6.00
3100059,60.56,4.30,99,2.92,5.31
3150059,60.39,4.27,98,2.74,2.81
3200059,60.39,4.21,97,2.70,-0.63
3250059,60.65,4.09,94,2.81,-3.61
3300059,60.04,4.16,96,3.05,-5.59
3350059,58.90,4.45,103,-2.94,-5.94
3400062,57.94,4.86,112,-2.71,-3.83
3450063,57.42,5.30,122,-2.61,-0.70
3500064,58.64,5.36,124,-2.66,1.89
3550067,60.91,4.96,114,-2.82,4.07
3600067,62.83,4.31,99,-3.06,5.12
3650067,63.09,3.83,88,3.00,4.14
3700067,61.17,3.88,89,2.86,1.87
3750067,58.99,4.28,99,2.83,-0.32
3800067,58.38,4.60,106,2.93,-2.91
3850070,59.08,4.66,108,3.12,-4.42
3900071,59.95,4.56,105,-2.96,-3.98
3950071,59.86,4.59,106,-2.81,-1.86
4000071,59.25,4.77,110,-2.80,0.47
4050071,58.29,5.12,118,-2.89,2.90
4100071,60.48,4.81,111,-3.08,4.17
4150071,62.83,4.12,95,3.01,3.36
4200071,62.48,3.79,87,2.88,2.09
4250071,60.04,4.06,94,2.85,-0.26
4300071,57.86,4.64,107,2.92,-2.45
4350071,58.21,4.87,112,3.08,-3.92
4400072,58.73,4.99,115,-2.98,-4.47
4450075,60.47,4.72,109,-2.80,-3.39
4500075,61.09,4.48,103,-2.71,-0.62
4550075,60.91,4.37,101,-2.74,1.21
4600075,59.86,4.51,104,-2.87,3.39
4650075,60.04,4.48,103,-3.07,4.19
4700075,60.74,4.30,99,3.04,3.16
4750075,61.35,4.03,93,2.95,0.77
4800075,60.82,3.97,92,2.97,-1.23
4850075,58.73,4.40,101,3.08,-2.82
4900075,57.68,4.86,112,-3.05,-3.15
4950075,59.08,4.84,112,-2.91,-2.41
5000075,59.86,4.77,110,-2.83,-0.61
5050078,60.56,4.60,106,-2.85,1.20
5100078,60.39,4.56,105,-2.96,2.79
5150079,60.13,4.57,105,-3.13,3.62
5200079,61.35,4.23,98,3.00,2.68
5250079,61.87,3.90,90,2.93,0.97
5300079,60.48,3.99,92,2.94,-0.90
5350079,59.52,4.18,96,3.03,-2.55
5400079,57.16,4.87,112,-3.10,-3.18
5450079,58.29,4.99,115,-2.95,-3.04
5500079,59.69,4.87,112,-2.83,-1.86
5550079,60.48,4.70,109,-2.79,-0.06
5600079,61.44,4.38,101,-2.84,1.73
5650079,61.35,4.19,97,-2.96,2.70
5700079,60.13,4.31,99,-3.10,2.67
5750079,60.04,4.32,100,3.07,1.85
5800079,60.21,4.27,99,3.04,-0.18
5850082,59.86,4.33,100,3.09,-1.72
5900083,60.04,4.31,99,-3.09,-2.58
5950083,59.69,4.40,101,-2.96,-2.46
6000083,58.47,0.00,0,-2.87,-1.36
6050083,37.52,0.00,0,-2.87,1.65
6100083,9.51,0.00,0,-3.12,6.48
6150083,2.36,0.00,0,2.85,5.81
6200083,0.44,0.00,0,2.65,2.86
6250086,0.00,0.00,0,2.61,-0.51
6300087,0.00,0.00,0,2.73,-3.77
6350087,0.00,0.00,0,2.99,-6.21
6400090,-0.09,0.00,0,-2.98,-6.31
6450091,-0.17,0.00,0,-2.74,-3.99
6500091,-0.44,0.00,0,-2.64,-0.84
6550091,-0.09,0.00,0,-2.69,2.24
6600091,0.00,0.00,0,-2.87,4.75
6650091,0.09,0.00,0,-3.13,5.30
6700094,0.09,0.00,0,2.95,3.48
6750095,0.00,0.00,0,2.86,0.64
6800095,0.00,0.00,0,2.92,-2.33
6850095,0.00,0.00,0,3.10,-4.80
6900098,-0.09,0.00,0,-2.91,-5.65
6950099,0.00,0.00,0,-2.68,-4.09
7000099,0.00,0.00,0,-2.56,-1.25
7050099,0.00,0.00,0,-2.59,1.81
7100102,0.00,0.00,0,-2.76,4.55
7150103,0.00,0.00,0,-3.03,6.05
7200103,0.00,0.00,0,2.98,5.25
7250103,0.09,0.00,0,2.79,2.77
7300103,0.00,0.00,0,2.74,-0.21
7350103,0.00,0.00,0,2.84,-3.02
7400103,0.00,0.00,0,3.04,-4.90
7450103,-0.09,0.00,0,-3.00,-4.80
7500103,0.00,0.00,0,-2.82,-2.89
7550103,0.00,0.00,0,-2.75,-0.29
7600103,0.00,0.00,0,-2.80,2.25
7650103,0.00,0.00,0,-2.93,4.01
7700103,0.00,0.00,0,-3.13,3.97
7750103,0.00,0.00,0,2.99,2.22
7800103,0.00,0.00,0,2.93,-0.27
7850103,0.00,0.00,0,2.99,-2.74
7900103,0.00,0.00,0,-3.12,-4.48
7950103,0.00,0.00,0,-2.90,-4.53
8000103,0.00,0.00,0,-2.71,-2.82
8050103,0.00,0.00,0,-2.62,-0.28
8100103,0.00,0.00,0,-2.65,2.30
8150106,0.00,0.00,0,-2.81,4.31
8200107,0.00,0.00,0,-3.03,4.86
8250107,0.00,0.00,0,3.03,3.62
8300107,0.00,0.00,0,2.90,1.34
8350107,0.00,0.00,0,2.88,-1.15
8400107,0.00,0.00,0,2.98,-3.14
8450107,0.00,0.00,0,-3.13,-3.87
8500107,0.00,0.00,0,-2.96,-2.96
8550107,0.00,0.00,0,-2.85,-1.02
8600107,0.00,0.00,0,-2.84,1.16
8650107,0.00,0.00,0,-2.92,2.90
8700107,0.00,0.00,0,-3.08,3.43
8750107,0.00,0.00,0,3.05,2.42
8800107,0.00,0.00,0,2.97,0.43
8850107,0.00,0.00,0,2.99,-1.32
8900107,0.00,0.00,0,3.11,-3.22
8950107,0.00,0.00,0,-2.98,-4.06
9000110,0.00,0.00,0,-2.80,-3.37
9050110,0.00,0.00,0,-2.69,-1.52
9100111,0.00,0.00,0,-2.68,0.70
9150111,0.00,0.00,0,-2.78,2.69
9200114,0.00,0.00,0,-2.94,3.79
9250115,0.00,0.00,0,-3.12,3.47
9300118,0.00,0.00,0,3.03,1.95
9350119,0.00,0.00,0,3.00,-0.06
9400119,0.00,0.00,0,3.06,-1.89
9450119,0.00,0.00,0,-3.10,-2.87
9500119,0.00,0.00,0,-2.97,-2.54
9550122,0.00,0.00,0,-2.88,-1.16
9600123,0.00,0.00,0,-2.88,0.65
9650123,0.00,0.00,0,-2.95,2.22
9700123,0.00,0.00,0,-3.08,2.94
9750123,0.00,0.00,0,3.07,2.41
9800123,0.00,0.00,0,2.99,0.89
9850123,0.00,0.00,0,3.00,-0.99
9900123,0.00,0.00,0,3.10,-2.65
9950123,0.00,0.00,0,-3.03,-3.44
++++++++++++++++++++++++++++++++++++++++++++++++++++++
Enter a new Wheel Ref: Starting new process at wheel ref = -30
++++++++++++++++++++++++++++++++++++++++++++++++++++++
Reference Wheel: -30
B_U1: 1.40000000
B_U2: -0.40000000
B_E0: 0.26000000
B_E1: -0.21580000
B_E2: 0.04134000
Sample Rate [ms]: 50
Step Started [ms]: 1000
Run Time [ms]: 5000
Data format: time_stamp_us,wheel_speed_rad_sec,command_volt,command_pwm,pitch_rad,ang_vel_rad_s
-------------------------------------------------------
24,0.00,0.00,0,-3.06,-0.00
50025,0.00,0.00,0,-3.07,0.03
100026,0.00,0.00,0,-3.07,0.04
150029,0.00,0.00,0,-3.07,0.04
200030,0.00,0.00,0,-3.07,0.03
250030,0.00,0.00,0,-3.07,0.03
300033,0.00,0.00,0,-3.07,0.03
350034,0.00,0.00,0,-3.08,0.05
400034,0.00,0.00,0,-3.08,0.06
450034,0.00,0.00,0,-3.08,0.07
500034,0.00,0.00,0,-3.08,0.06
550038,0.00,0.00,0,-3.09,0.05
600038,0.00,0.00,0,-3.09,0.01
650038,0.00,0.00,0,-3.09,-0.03
700038,0.00,0.00,0,-3.09,-0.06
750041,0.00,0.00,0,-3.08,-0.08
800042,0.00,0.00,0,-3.08,-0.07
850042,0.00,0.00,0,-3.08,-0.06
900042,0.00,0.00,0,-3.07,-0.04
950042,0.00,0.00,0,-3.07,-0.04
1000042,0.00,-7.80,-180,-3.07,-0.03
1050042,-14.84,-8.39,-194,-3.09,1.61
1100042,-43.02,-3.21,-74,3.03,4.17
1150042,-52.88,1.38,31,2.84,3.00
1200042,-25.39,-2.38,-55,2.83,-3.05
1250042,-11.00,-6.89,-159,3.11,-6.18
1300042,-35.60,-3.32,-77,-2.96,-2.84
1350042,-50.61,1.47,33,-2.92,0.19
1400042,-25.74,-1.94,-45,-2.92,-1.71
1450042,-10.91,-6.50,-150,-2.81,-1.05
1500042,-33.51,-3.46,-80,-2.89,3.64
1550042,-50.00,1.40,32,3.12,6.28
1600042,-25.66,-1.95,-45,2.90,1.34
1650046,-10.21,-6.67,-154,2.98,-2.03
1700046,-31.42,-4.10,-95,3.06,-1.11
1750046,-50.79,1.21,28,3.07,-0.10
1800046,-28.80,-1.41,-32,-3.14,-4.29
1850046,-9.60,-6.64,-153,-2.84,-5.52
1900046,-29.58,-4.49,-104,-2.69,-0.81
1950046,-51.66,1.25,28,-2.81,4.13
2000046,-31.07,-0.87,-20,-3.02,2.44
2050046,-8.03,-6.76,-156,-3.05,0.33
2100046,-24.17,-5.85,-135,-3.11,2.54
2150046,-51.14,0.36,8,2.99,4.81
2200046,-39.27,0.45,10,2.80,0.54
2250046,-5.85,-6.92,-160,2.91,-5.38
2300046,-13.26,-8.62,-199,-3.09,-4.72
2350046,-42.59,-3.42,-79,-2.96,-0.03
2400046,-55.41,1.86,43,-3.03,2.27
2450046,-27.40,-1.66,-38,-3.11,-1.12
2500046,-8.46,-7.06,-163,-2.99,-2.48
2550046,-30.19,-4.63,-107,-2.97,1.26
2600046,-51.92,1.11,25,3.14,5.00
2650046,-33.07,-0.52,-12,2.91,2.60
2700046,-6.54,-7.03,-162,2.99,-3.25
2750046,-20.77,-6.84,-158,-3.12,-2.89
2800046,-49.13,-0.77,-17,-3.09,0.66
2850046,-50.88,2.58,59,3.11,1.51
2900046,-11.26,-4.67,-108,-3.12,-3.61
2950046,-7.50,-8.51,-197,-2.84,-4.71
3000046,-43.72,-2.40,-55,-2.83,2.06
3050046,-51.57,1.76,40,-3.04,4.83
3100046,-20.42,-3.15,-73,3.08,1.37
3150046,-11.00,-7.10,-164,-3.11,-1.83
3200046,-40.49,-2.25,-52,-3.14,1.81
3250046,-48.78,1.53,35,3.00,2.56
3300046,-18.59,-3.55,-82,3.00,-2.23
3350046,-13.35,-6.67,-154,-3.05,-4.63
3400046,-44.59,-1.00,-23,-2.97,0.40
3450046,-50.27,2.70,62,-3.09,2.53
3500046,-12.13,-4.24,-98,-3.12,-1.67
3550046,-7.94,-8.05,-186,-2.94,-2.65
3600046,-43.81,-1.97,-45,-3.01,3.51
3650046,-50.44,1.89,43,3.08,4.80
3700046,-17.72,-3.60,-83,2.92,-0.31
3750046,-11.43,-7.13,-165,3.08,-3.43
3800046,-42.41,-1.82,-42,3.14,0.16
3850046,-49.74,2.00,46,3.07,0.97
3900046,-16.67,-3.69,-85,3.10,-3.62
3950046,-11.61,-7.06,-163,-2.93,-4.37
4000046,-44.24,-1.28,-29,-2.84,1.56
4050046,-48.61,2.03,47,-3.03,3.83
4100046,-13.79,-4.28,-99,-3.12,-0.31
4150046,-11.78,-7.28,-168,-3.03,-1.23
4200046,-45.99,-1.06,-24,-3.08,3.46
4250046,-49.04,2.18,50,3.00,3.17
4300046,-11.43,-4.80,-111,2.94,-3.08
4350046,-7.85,-8.56,-198,-3.10,-5.00
4400046,-43.02,-2.67,-61,-2.97,0.41
4450046,-52.19,1.73,40,-3.06,2.52
4500046,-23.04,-2.57,-59,3.13,-0.81
4550046,-10.82,-6.85,-158,-3.02,-2.33
4600046,-37.52,-2.76,-63,-2.99,0.95
4650046,-49.74,1.59,36,3.13,4.35
4700046,-21.38,-2.86,-66,2.98,1.70
4750046,-11.08,-6.88,-159,3.10,-2.78
4800046,-39.62,-2.26,-52,-3.12,0.62
4850046,-48.08,1.43,33,3.09,1.98
4900046,-19.37,-3.36,-77,3.07,-0.90
4950046,-12.92,-6.68,-154,-3.01,-4.63
5000046,-43.20,-1.32,-30,-2.93,0.42
5050046,-48.26,2.01,46,-3.07,3.44
5100046,-13.18,-4.43,-102,3.14,-0.04
5150046,-11.26,-7.49,-173,-2.99,-3.22
5200046,-45.99,-1.21,-27,-3.02,2.38
5250046,-51.05,2.55,59,3.07,4.26
5300046,-13.44,-4.13,-95,3.00,-0.57
5350046,-9.34,-7.73,-179,-3.07,-5.15
5400046,-44.24,-1.69,-39,-2.99,0.33
5450046,-50.27,2.06,47,-3.10,2.67
5500046,-16.32,-3.78,-87,3.13,-0.48
5550046,-11.00,-7.26,-168,-2.97,-3.79
5600046,-43.90,-1.51,-35,-2.97,1.86
5650046,-50.09,2.23,51,3.12,4.29
5700046,-15.45,-3.82,-88,3.01,0.48
5750046,-10.21,-7.41,-171,-3.11,-3.80
5800046,-43.46,-1.68,-38,-3.09,1.11
5850046,-49.31,1.91,44,3.07,2.76
5900046,-15.10,-4.14,-95,3.04,-1.44
5950046,-11.96,-7.24,-167,-3.01,-4.66
6000046,-45.73,0.00,0,-2.97,1.05
6050046,-43.28,0.00,0,-3.11,3.12
6100046,-12.13,0.00,0,-3.11,-1.67
6150046,-2.27,0.00,0,-2.98,-2.75
6200046,0.09,0.00,0,-2.87,-1.70
6250046,0.00,0.00,0,-2.84,0.13
6300046,0.00,0.00,0,-2.90,1.71
6350046,0.00,0.00,0,-3.01,2.61
6400046,0.00,0.00,0,-3.14,2.50
6450046,0.00,0.00,0,3.05,1.47
6500046,0.00,0.00,0,3.02,-0.03
6550046,0.00,0.00,0,3.07,-1.45
6600046,0.00,0.00,0,-3.12,-2.23
6650046,0.00,0.00,0,-3.02,-2.02
6700046,0.00,0.00,0,-2.95,-0.92
6750046,0.00,0.00,0,-2.94,0.57
6800046,0.00,0.00,0,-3.01,1.90
6850046,0.00,0.00,0,-3.12,2.55
6900046,0.00,0.00,0,3.05,2.20
6950046,0.00,0.00,0,2.97,1.02
7000046,0.00,0.00,0,2.97,-0.52
7050046,0.00,0.00,0,3.03,-1.87
7100046,0.00,0.00,0,-3.14,-2.55
7150046,0.00,0.00,0,-3.02,-2.30
7200046,0.00,0.00,0,-2.93,-1.25
7250046,0.00,0.00,0,-2.91,0.15
7300046,0.00,0.00,0,-2.96,1.37
7350046,0.00,0.00,0,-3.04,1.97
7400046,0.00,0.00,0,-3.14,1.72
7450046,0.00,0.00,0,3.09,0.76
7500046,0.00,0.00,0,3.09,-0.46
7550046,0.00,0.00,0,3.14,-1.47
7600046,0.00,0.00,0,-3.06,-1.84
7650046,0.00,0.00,0,-2.98,-1.41
7700046,0.00,0.00,0,-2.94,-0.37
7750046,0.00,0.00,0,-2.96,0.87
7800046,0.00,0.00,0,-3.03,1.84
7850046,0.00,0.00,0,-3.13,2.16
7900046,0.00,0.00,0,3.06,1.68
7950046,0.00,0.00,0,3.01,0.62
8000046,0.00,0.00,0,3.02,-0.61
8050046,0.00,0.00,0,3.08,-1.57
8100046,0.00,0.00,0,-3.12,-1.91
8150046,0.00,0.00,0,-3.03,-1.53
8200046,0.00,0.00,0,-2.99,-0.62
8250046,0.00,0.00,0,-2.98,0.43
8300046,0.00,0.00,0,-3.03,1.21
8350046,0.00,0.00,0,-3.09,1.40
8400046,0.00,0.00,0,3.13,0.94
8450046,0.00,0.00,0,3.11,0.06
8500046,0.00,0.00,0,3.13,-0.87
8550046,0.00,0.00,0,-3.09,-1.46
8600046,0.00,0.00,0,-3.02,-1.47
8650046,0.00,0.00,0,-2.96,-0.88
8700046,0.00,0.00,0,-2.94,0.07
8750046,0.00,0.00,0,-2.97,1.03
8800046,0.00,0.00,0,-3.04,1.63
8850046,0.00,0.00,0,-3.13,1.65
8900046,0.00,0.00,0,3.09,1.09
8950046,0.00,0.00,0,3.07,0.19
9000046,0.00,0.00,0,3.08,-0.68
9050046,0.00,0.00,0,3.13,-1.21
9100046,0.00,0.00,0,-3.09,-1.22
9150046,0.00,0.00,0,-3.05,-0.74
9200046,0.00,0.00,0,-3.03,0.01
9250046,0.00,0.00,0,-3.04,0.70
9300046,0.00,0.00,0,-3.09,1.04
9350046,0.00,0.00,0,-3.14,0.87
9400046,0.00,0.00,0,3.12,0.29
9450046,0.00,0.00,0,3.13,-0.46
9500046,0.00,0.00,0,-3.12,-1.08
9550046,0.00,0.00,0,-3.06,-1.31
9600046,0.00,0.00,0,-3.00,-1.06
9650046,0.00,0.00,0,-2.97,-0.42
9700046,0.00,0.00,0,-2.97,0.36
9750046,0.00,0.00,0,-3.01,0.98
9800046,0.00,0.00,0,-3.06,1.23
9850046,0.00,0.00,0,-3.12,1.02
9900046,0.00,0.00,0,3.13,0.47
9950046,0.00,0.00,0,3.13,-0.18
++++++++++++++++++++++++++++++++++++++++++++++++++++++
Enter a new Wheel Ref: Starting new process at wheel ref = -10
++++++++++++++++++++++++++++++++++++++++++++++++++++++
Reference Wheel: -10
B_U1: 1.40000000
B_U2: -0.40000000
B_E0: 0.26000000
B_E1: -0.21580000
B_E2: 0.04134000
Sample Rate [ms]: 50
Step Started [ms]: 1000
Run Time [ms]: 5000
Data format: time_stamp_us,wheel_speed_rad_sec,command_volt,command_pwm,pitch_rad,ang_vel_rad_s
-------------------------------------------------------
24,0.00,0.00,0,-3.07,0.01
50025,0.00,0.00,0,-3.08,0.01
100025,0.00,0.00,0,-3.08,0.01
150026,0.00,0.00,0,-3.08,0.00
200029,0.00,0.00,0,-3.08,0.01
250030,0.00,0.00,0,-3.08,0.01
300033,0.00,0.00,0,-3.08,0.01
350034,0.00,0.00,0,-3.08,0.00
400034,0.00,0.00,0,-3.08,-0.01
450034,0.00,0.00,0,-3.08,-0.01
500034,0.00,0.00,0,-3.07,-0.02
550034,0.00,0.00,0,-3.07,-0.02
600034,0.00,0.00,0,-3.07,-0.02
650034,0.00,0.00,0,-3.07,-0.02
700037,0.00,0.00,0,-3.07,-0.01
750037,0.00,0.00,0,-3.07,-0.01
800037,0.00,0.00,0,-3.07,-0.00
850038,0.00,0.00,0,-3.07,-0.00
900038,0.00,0.00,0,-3.07,0.00
950038,0.00,0.00,0,-3.07,0.00
1000038,0.00,-2.60,-60,-3.07,0.00
1050038,-12.04,-0.95,-22,-3.08,1.05
1100038,-19.72,1.38,32,3.10,1.91
1150038,-1.57,-1.89,-43,3.08,-1.16
1200038,-3.05,-2.78,-64,-3.08,-2.20
1250038,-23.65,1.56,36,-3.06,0.58
1300038,-11.69,0.50,11,-3.10,-0.29
1350038,6.63,-4.05,-93,-2.99,-2.75
1400038,-12.48,-1.56,-36,-2.91,-0.03
1450038,-29.58,3.30,76,-3.05,3.66
1500038,-2.36,-0.86,-20,3.10,0.81
1550038,9.25,-5.08,-117,-3.07,-2.24
1600041,-20.51,-0.19,-4,-3.06,1.39
1650042,-27.23,3.18,73,3.08,2.52
1700042,7.16,-3.22,-74,3.10,-2.89
1750042,2.62,-4.64,-107,-2.96,-3.38
1800046,-35.17,3.35,77,-2.98,2.34
1850046,-19.46,3.05,70,-3.13,1.34
1900046,22.69,-6.57,-152,-3.00,-4.36
1950046,11.78,-8.64,-200,-2.80,-2.24
2000046,-24.61,-2.32,-53,-2.88,3.92
2050046,-38.05,3.45,80,3.12,6.13
2100046,-9.25,0.12,2,2.91,1.38
2150046,11.17,-5.40,-125,3.03,-3.35
2200046,-10.12,-3.04,-70,-3.12,-1.88
2250046,-34.56,3.39,78,-3.13,1.09
2300046,-12.48,1.31,30,3.14,-1.73
2350046,16.67,-5.97,-138,-2.91,-5.24
2400046,0.00,-5.63,-130,-2.74,-1.46
2450046,-36.30,2.40,55,-2.86,5.05
2500046,-24.70,3.34,77,3.11,4.83
2550046,19.90,-6.14,-142,3.08,-1.77
2600046,12.22,-8.64,-200,-3.07,-1.62
2650046,-24.26,-2.38,-55,-3.13,2.65
2700046,-37.87,3.37,78,2.99,3.13
2750046,-9.86,0.22,4,2.94,-1.92
2800046,11.52,-5.46,-126,-3.08,-6.04
2850046,-10.38,-2.99,-69,-2.86,-2.74
2900046,-35.69,3.70,85,-2.89,2.15
2950046,-12.48,1.49,34,-3.00,0.33
3000046,18.68,-6.32,-146,-2.90,-2.50
3050046,2.18,-6.32,-146,-2.85,1.00
3100046,-32.81,1.06,24,-3.06,6.34
3150046,-26.44,2.86,66,2.91,4.32
3200046,12.92,-4.99,-115,2.90,-2.54
3250046,3.49,-6.01,-139,3.10,-2.98
3300046,-35.60,2.20,51,3.13,0.64
3350046,-24.09,3.07,71,3.10,-1.49
3400046,18.15,-5.89,-136,-2.94,-6.55
3450046,8.46,-7.61,-176,-2.67,-2.87
3500046,-29.06,-0.53,-12,-2.73,3.73
3550046,-33.86,3.64,84,-3.02,6.13
3600046,2.79,-2.39,-55,3.08,1.32
3650046,5.24,-5.01,-116,3.11,0.27
3700046,-30.63,2.06,47,3.01,3.16
3750046,-20.51,2.54,58,2.89,-0.44
3800046,16.93,-5.68,-131,3.09,-6.44
3850046,6.37,-6.98,-161,-2.87,-4.71
3900046,-30.81,0.33,7,-2.81,1.16
3950046,-29.67,3.20,74,-2.96,2.38
4000046,9.25,-4.04,-93,-2.96,-1.54
4050046,1.40,-4.93,-114,-2.89,1.00
4100046,-39.18,3.96,91,-3.11,6.30
4150046,-21.99,3.87,89,2.91,2.13
4200046,26.79,-7.12,-165,3.03,-5.11
4250046,14.75,-9.51,-220,-3.02,-3.42
4300046,-22.43,-3.42,-79,-2.95,1.33
4350046,-41.02,3.38,78,-3.11,3.70
4400046,-16.93,1.72,39,3.05,-0.63
4450046,17.89,-6.41,-148,-3.09,-4.93
4500046,2.62,-6.64,-153,-2.87,-1.80
4550046,-33.07,0.84,19,-2.90,3.90
4600046,-28.80,3.22,74,-3.14,2.95
4650046,12.13,-4.68,-108,3.11,-2.60
4700046,4.01,-5.94,-137,-3.02,-0.73
4750046,-36.74,2.62,60,-3.08,3.86
4800046,-24.52,3.47,80,3.00,0.60
4850046,21.47,-6.40,-148,3.11,-5.71
4900046,11.17,-8.46,-196,-2.88,-2.71
4950046,-26.18,-1.81,-41,-2.86,2.75
5000046,-36.39,3.35,77,-3.05,4.54
5050046,-6.72,-0.47,-10,3.07,1.45
5100046,9.34,-5.23,-121,-3.09,-2.45
5150046,-16.58,-1.38,-31,-3.02,0.83
5200046,-31.50,3.53,81,-3.13,2.58
5250046,-2.18,-0.91,-21,3.11,-0.91
5300046,8.99,-5.04,-116,-2.97,-4.00
5350046,-21.29,0.01,0,-2.90,0.45
5400046,-26.88,3.20,74,-3.05,3.27
5450046,8.38,-3.48,-80,-3.09,-1.17
5500046,2.97,-4.86,-112,-2.96,-1.71
5550046,-36.39,3.49,80,-3.07,4.19
5600046,-21.73,3.65,84,2.98,2.92
5650046,24.26,-6.63,-153,3.09,-4.77
5700046,13.09,-8.87,-205,-2.92,-4.33
5750046,-24.09,-2.54,-58,-2.90,1.71
5800046,-38.57,3.43,79,-3.08,4.54
5850046,-11.52,0.63,14,3.03,1.32
5900046,13.44,-5.73,-132,-3.12,-3.66
5950046,-6.02,-4.19,-97,-2.98,-1.49
6000046,-37.44,0.00,0,-3.05,3.14
6050046,-31.07,0.00,0,3.06,2.57
6100046,-6.98,0.00,0,3.09,-2.09
6150046,-1.13,0.00,0,-3.05,-3.42
6200046,0.00,0.00,0,-2.90,-2.65
6250046,0.00,0.00,0,-2.82,-0.92
6300046,0.00,0.00,0,-2.83,0.95
6350046,0.00,0.00,0,-2.92,2.46
6400046,0.00,0.00,0,-3.06,3.06
6450046,0.09,0.00,0,3.09,2.41
6500046,0.00,0.00,0,3.02,0.88
6550046,0.00,0.00,0,3.03,-0.91
6600046,0.00,0.00,0,3.12,-2.35
6650046,0.00,0.00,0,-3.04,-2.84
6700046,0.00,0.00,0,-2.91,-2.17
6750046,0.00,0.00,0,-2.85,-0.67
6800046,0.00,0.00,0,-2.87,1.07
6850046,0.00,0.00,0,-2.96,2.42
6900046,0.00,0.00,0,-3.09,2.87
6950046,0.00,0.00,0,3.07,2.18
7000046,0.00,0.00,0,3.01,0.70
7050046,0.00,0.00,0,3.02,-0.97
7100046,0.00,0.00,0,3.11,-2.27
7150046,0.00,0.00,0,-3.05,-2.70
7200046,0.00,0.00,0,-2.93,-2.09
7250046,0.00,0.00,0,-2.87,-0.72
7300046,0.00,0.00,0,-2.88,0.83
7350046,0.00,0.00,0,-2.96,2.02
7400046,0.00,0.00,0,-3.07,2.37
7450046,0.00,0.00,0,3.12,1.75
7500046,0.00,0.00,0,3.07,0.45
7550046,0.00,0.00,0,3.09,-0.99
7600046,0.00,0.00,0,-3.12,-2.03
7650046,0.00,0.00,0,-3.01,-2.25
7700046,0.00,0.00,0,-2.91,-1.58
7750046,0.00,0.00,0,-2.87,-0.30
7800046,0.00,0.00,0,-2.90,1.09
7850046,0.00,0.00,0,-2.98,2.08
7900046,0.00,0.00,0,-3.09,2.27
7950046,0.00,0.00,0,3.10,1.58
8000046,0.00,0.00,0,3.06,0.34
8050046,0.00,0.00,0,3.07,-0.98
8100046,0.00,0.00,0,-3.13,-1.88
8150046,0.00,0.00,0,-3.04,-2.02
8200046,0.00,0.00,0,-2.95,-1.38
8250046,0.00,0.00,0,-2.92,-0.23
8300046,0.00,0.00,0,-2.94,0.96
8350046,0.00,0.00,0,-3.01,1.72
8400046,0.09,0.00,0,-3.10,1.76
8450046,0.00,0.00,0,3.12,1.06
8500046,0.00,0.00,0,3.10,-0.05
8550046,0.00,0.00,0,3.13,-1.14
8600046,0.00,0.00,0,-3.08,-1.78
8650046,-0.09,0.00,0,-2.99,-1.72
8700046,0.00,0.00,0,-2.93,-0.99
8750046,0.00,0.00,0,-2.91,0.11
8800046,0.00,0.00,0,-2.95,1.16
8850046,0.00,0.00,0,-3.02,1.74
8900046,0.09,0.00,0,-3.11,1.64
8950046,0.00,0.00,0,3.12,0.93
9000046,0.00,0.00,0,3.10,-0.10
9050046,0.00,0.00,0,3.13,-1.03
9100046,0.00,0.00,0,-3.09,-1.50
9150046,0.00,0.00,0,-3.02,-1.44
9200046,0.00,0.00,0,-2.97,-0.84
9250046,0.00,0.00,0,-2.95,0.08
9300046,0.00,0.00,0,-2.98,0.94
9350046,0.00,0.00,0,-3.04,1.39
9400046,0.00,0.00,0,-3.11,1.25
9450046,0.00,0.00,0,3.13,0.60
9500046,0.00,0.00,0,3.13,-0.30
9550046,0.00,0.00,0,-3.13,-1.08
9600046,0.00,0.00,0,-3.06,-1.43
9650046,0.00,0.00,0,-2.99,-1.24
9700046,0.00,0.00,0,-2.95,-0.58
9750046,0.00,0.00,0,-2.95,0.28
9800046,0.00,0.00,0,-2.98,1.00
9850046,0.00,0.00,0,-3.04,1.30
9900046,0.00,0.00,0,-3.10,1.07
9950046,0.00,0.00,0,-3.14,0.45
++++++++++++++++++++++++++++++++++++++++++++++++++++++
Enter a new Wheel Ref: Starting new process at wheel ref = 1
++++++++++++++++++++++++++++++++++++++++++++++++++++++
Reference Wheel: 1
B_U1: 1.40000000
B_U2: -0.40000000
B_E0: 0.26000000
B_E1: -0.21580000
B_E2: 0.04134000
Sample Rate [ms]: 50
Step Started [ms]: 1000
Run Time [ms]: 5000
Data format: time_stamp_us,wheel_speed_rad_sec,command_volt,command_pwm,pitch_rad,ang_vel_rad_s
-------------------------------------------------------
23,0.00,0.00,0,-3.06,-0.01
50024,0.00,0.00,0,-3.06,0.00
100024,0.00,0.00,0,-3.06,-0.00
150025,0.00,0.00,0,-3.06,-0.01
200025,0.00,0.00,0,-3.06,-0.02
250025,0.00,0.00,0,-3.06,-0.02
300025,0.00,0.00,0,-3.06,-0.02
350028,0.00,0.00,0,-3.06,-0.02
400029,0.00,0.00,0,-3.06,-0.01
450032,0.00,0.00,0,-3.06,0.01
500033,0.00,0.00,0,-3.06,0.02
550033,0.00,0.00,0,-3.06,0.02
600036,0.00,0.00,0,-3.06,0.02
650036,0.00,0.00,0,-3.06,0.01
700037,0.00,0.00,0,-3.06,0.01
750040,0.00,0.00,0,-3.06,0.00
800041,0.00,0.00,0,-3.06,0.00
850041,0.00,0.00,0,-3.06,0.01
900041,0.00,0.00,0,-3.06,0.01
950041,0.00,0.00,0,-3.06,0.01
1000041,0.00,0.26,6,-3.06,0.01
1050041,1.05,0.14,3,-3.06,-0.12
1100041,1.40,0.03,0,-3.06,-0.11
1150041,0.17,0.29,6,-3.05,0.14
1200041,1.13,0.17,3,-3.06,0.03
1250044,1.48,0.05,1,-3.06,-0.00
1300044,0.52,0.23,5,-3.06,0.13
1350045,0.79,0.23,5,-3.07,0.03
1400045,1.48,0.08,1,-3.07,-0.14
1450045,0.87,0.17,3,-3.06,-0.04
1500048,0.09,0.39,9,-3.06,0.03
1550049,2.18,-0.02,0,-3.06,-0.20
1600049,1.48,-0.01,0,-3.05,0.01
1650049,-0.09,0.33,7,-3.06,0.26
1700049,0.96,0.22,5,-3.07,0.11
1750049,1.48,0.09,2,-3.07,-0.01
1800052,1.05,0.13,2,-3.07,-0.01
1850053,0.17,0.35,8,-3.07,0.05
1900053,1.40,0.15,3,-3.07,-0.09
1950053,1.92,-0.04,-1,-3.06,-0.25
2000053,0.26,0.25,5,-3.06,0.04
2050053,0.70,0.25,5,-3.06,0.13
2100053,1.92,-0.02,0,-3.07,-0.02
2150053,0.79,0.13,3,-3.07,0.06
2200053,0.17,0.33,7,-3.08,0.16
2250053,1.66,0.06,1,-3.08,-0.08
2300056,1.66,-0.04,0,-3.07,-0.24
2350057,0.09,0.28,6,-3.06,0.03
2400057,1.05,0.16,3,-3.06,-0.05
2450057,1.40,0.06,1,-3.06,-0.13
2500057,0.44,0.25,5,-3.06,0.09
2550057,0.87,0.23,5,-3.07,0.12
2600057,1.92,-0.03,0,-3.07,-0.05
2650057,0.87,0.11,2,-3.06,0.05
2700057,0.17,0.31,7,-3.07,0.15
2750057,1.31,0.14,3,-3.08,-0.02
2800057,1.83,-0.05,-1,-3.07,-0.19
2850057,0.35,0.21,4,-3.06,0.04
2900057,0.52,0.27,6,-3.07,0.06
2950057,1.31,0.13,3,-3.07,-0.02
3000057,1.13,0.13,3,-3.07,-0.00
3050057,0.26,0.34,7,-3.07,0.15
3100057,1.13,0.22,5,-3.08,0.04
3150057,1.92,-0.01,0,-3.07,-0.16
3200057,0.44,0.24,5,-3.07,0.05
3250057,0.44,0.33,7,-3.07,0.03
3300057,1.13,0.23,5,-3.07,-0.07
3350060,1.48,0.12,2,-3.07,-0.10
3400061,0.87,0.21,4,-3.06,-0.03
3450061,0.44,0.34,7,-3.07,0.10
3500062,1.40,0.17,4,-3.07,-0.01
3550065,1.92,-0.02,0,-3.06,-0.12
3600068,0.87,0.11,2,-3.06,0.08
3650069,0.09,0.34,7,-3.07,0.18
3700069,1.22,0.18,4,-3.08,0.00
3750069,2.01,-0.06,-1,-3.07,-0.18
3800069,0.44,0.20,4,-3.06,0.02
3850069,0.44,0.29,6,-3.07,0.06
3900069,1.66,0.05,1,-3.07,-0.08
3950069,1.22,0.07,1,-3.06,-0.00
4000069,0.09,0.33,7,-3.07,0.19
4050069,1.22,0.17,3,-3.08,0.04
4100069,1.75,-0.00,0,-3.07,-0.09
4150069,0.52,0.21,4,-3.07,0.03
4200069,0.35,0.32,7,-3.08,0.04
4250069,1.75,0.06,1,-3.07,-0.16
4300069,1.05,0.13,2,-3.06,-0.08
4350069,0.00,0.39,9,-3.07,0.11
4400069,1.48,0.16,3,-3.07,-0.06
4450069,2.01,-0.05,-1,-3.06,-0.14
4500069,0.00,0.32,7,-3.07,0.20
4550069,1.05,0.20,4,-3.07,0.03
4600069,1.75,0.01,0,-3.07,-0.09
4650069,0.44,0.24,5,-3.07,0.06
4700069,0.70,0.25,5,-3.07,-0.00
4750069,1.57,0.07,1,-3.06,-0.14
4800069,0.70,0.21,4,-3.06,-0.02
4850069,0.35,0.35,8,-3.06,0.08
4900069,1.31,0.20,4,-3.07,-0.02
4950069,2.36,-0.13,-2,-3.06,-0.12
5000069,0.17,0.24,5,-3.06,0.22
5050069,0.61,0.25,5,-3.07,0.13
5100069,1.66,0.04,0,-3.07,-0.04
5150069,0.70,0.19,4,-3.07,0.02
5200069,0.61,0.26,5,-3.07,-0.03
5250069,1.66,0.04,1,-3.07,-0.17
5300069,0.79,0.17,3,-3.06,-0.03
5350069,0.00,0.41,9,-3.07,0.10
5400069,1.75,0.10,2,-3.07,-0.09
5450069,2.09,-0.10,-2,-3.06,-0.09
5500069,0.00,0.28,6,-3.06,0.24
5550069,0.96,0.18,4,-3.07,0.05
5600069,1.57,0.03,0,-3.07,-0.08
5650069,0.44,0.24,5,-3.07,0.03
5700069,0.87,0.21,4,-3.07,-0.10
5750069,1.66,0.02,0,-3.06,-0.20
5800069,0.35,0.27,6,-3.06,0.05
5850069,0.96,0.21,4,-3.06,0.01
5900069,1.22,0.14,3,-3.06,0.04
5950069,0.52,0.29,6,-3.06,0.16
6000069,1.48,0.00,0,-3.07,0.00
6050069,0.79,0.00,0,-3.07,0.06
6100069,-0.09,0.00,0,-3.07,0.10
6150069,0.00,0.00,0,-3.08,-0.00
6200069,0.00,0.00,0,-3.07,-0.08
6250069,0.00,0.00,0,-3.07,-0.12
6300069,0.00,0.00,0,-3.06,-0.10
6350069,0.00,0.00,0,-3.06,-0.03
6400069,0.00,0.00,0,-3.06,0.05
6450069,0.00,0.00,0,-3.07,0.10
6500069,0.00,0.00,0,-3.07,0.10
6550069,0.00,0.00,0,-3.08,0.05
6600069,0.00,0.00,0,-3.08,-0.04
6650069,0.00,0.00,0,-3.07,-0.10
6700069,0.00,0.00,0,-3.07,-0.13
6750069,0.00,0.00,0,-3.06,-0.10
6800069,0.00,0.00,0,-3.06,-0.03
6850069,0.00,0.00,0,-3.06,0.04
6900069,0.00,0.00,0,-3.06,0.10
6950069,0.00,0.00,0,-3.07,0.10
7000069,0.00,0.00,0,-3.07,0.06
7050069,0.00,0.00,0,-3.07,-0.00
7100069,0.00,0.00,0,-3.07,-0.06
7150069,0.00,0.00,0,-3.07,-0.08
7200069,0.00,0.00,0,-3.06,-0.06
7250069,0.00,0.00,0,-3.06,-0.00
7300069,0.00,0.00,0,-3.06,0.06
7350069,0.00,0.00,0,-3.07,0.09
7400069,0.00,0.00,0,-3.07,0.09
7450069,0.00,0.00,0,-3.08,0.05
7500069,0.00,0.00,0,-3.08,-0.02
7550069,0.00,0.00,0,-3.08,-0.07
7600069,0.00,0.00,0,-3.07,-0.10
7650069,0.00,0.00,0,-3.07,-0.08
7700069,0.00,0.00,0,-3.06,-0.04
7750069,0.00,0.00,0,-3.06,0.02
7800069,0.00,0.00,0,-3.06,0.06
7850069,0.00,0.00,0,-3.07,0.06
7900069,0.00,0.00,0,-3.07,0.03
7950069,0.00,0.00,0,-3.07,-0.02
8000069,0.00,0.00,0,-3.07,-0.06
8050069,0.00,0.00,0,-3.07,-0.07
8100069,0.00,0.00,0,-3.06,-0.06
8150069,0.00,0.00,0,-3.06,-0.02
8200069,0.00,0.00,0,-3.06,0.03
8250069,0.00,0.00,0,-3.06,0.08
8300069,0.00,0.00,0,-3.07,0.09
8350069,0.00,0.00,0,-3.07,0.06
8400069,0.00,0.00,0,-3.07,0.01
8450069,0.00,0.00,0,-3.07,-0.03
8500069,0.00,0.00,0,-3.07,-0.06
8550069,0.00,0.00,0,-3.07,-0.06
8600069,0.00,0.00,0,-3.07,-0.03
8650069,0.00,0.00,0,-3.07,0.01
8700069,0.00,0.00,0,-3.07,0.04
8750069,0.00,0.00,0,-3.07,0.05
8800069,0.00,0.00,0,-3.07,0.03
8850069,0.00,0.00,0,-3.07,-0.02
8900069,0.00,0.00,0,-3.07,-0.06
8950069,0.00,0.00,0,-3.07,-0.07
9000069,0.00,0.00,0,-3.06,-0.07
9050069,0.00,0.00,0,-3.06,-0.03
9100069,0.00,0.00,0,-3.06,0.02
9150069,0.00,0.00,0,-3.06,0.05
9200069,0.00,0.00,0,-3.06,0.06
9250069,0.00,0.00,0,-3.07,0.04
9300069,0.00,0.00,0,-3.07,0.01
9350069,0.00,0.00,0,-3.07,-0.02
9400069,0.00,0.00,0,-3.07,-0.04
9450072,0.00,0.00,0,-3.06,-0.03
9500073,0.00,0.00,0,-3.06,-0.00
9550073,0.00,0.00,0,-3.06,0.03
9600073,0.00,0.00,0,-3.07,0.05
9650073,0.00,0.00,0,-3.07,0.05
9700073,0.00,0.00,0,-3.07,0.03
9750073,0.00,0.00,0,-3.07,-0.01
9800073,0.00,0.00,0,-3.07,-0.04
9850073,0.00,0.00,0,-3.07,-0.06
9900073,0.00,0.00,0,-3.06,-0.06
9950073,0.00,0.00,0,-3.06,-0.03
++++++++++++++++++++++++++++++++++++++++++++++++++++++
Enter a new Wheel Ref: Starting new process at wheel ref = 5
++++++++++++++++++++++++++++++++++++++++++++++++++++++
Reference Wheel: 5
B_U1: 1.40000000
B_U2: -0.40000000
B_E0: 0.26000000
B_E1: -0.21580000
B_E2: 0.04134000
Sample Rate [ms]: 50
Step Started [ms]: 1000
Run Time [ms]: 5000
Data format: time_stamp_us,wheel_speed_rad_sec,command_volt,command_pwm,pitch_rad,ang_vel_rad_s
-------------------------------------------------------
24,0.00,0.00,0,-3.07,-0.02
50025,0.00,0.00,0,-3.06,-0.01
100026,0.00,0.00,0,-3.06,-0.00
150026,0.00,0.00,0,-3.06,-0.00
200026,0.00,0.00,0,-3.06,-0.00
250026,0.00,0.00,0,-3.06,-0.01
300026,0.00,0.00,0,-3.06,-0.02
350026,0.00,0.00,0,-3.06,-0.02
400026,0.00,0.00,0,-3.06,-0.02
450026,0.00,0.00,0,-3.06,-0.01
500026,0.00,0.00,0,-3.06,0.00
550026,0.00,0.00,0,-3.06,0.02
600026,0.00,0.00,0,-3.06,0.02
650026,0.00,0.00,0,-3.06,0.02
700026,0.00,0.00,0,-3.06,0.02
750026,0.00,0.00,0,-3.06,0.00
800029,0.00,0.00,0,-3.06,-0.00
850030,0.00,0.00,0,-3.06,-0.00
900030,0.00,0.00,0,-3.06,0.00
950030,0.00,0.00,0,-3.06,0.01
1000030,0.00,1.30,30,-3.06,0.01
1050033,6.54,0.34,7,-3.06,-0.57
1100034,8.90,-0.52,-12,-3.01,-0.84
1150034,0.35,1.12,26,-3.01,0.68
1200034,3.75,0.94,21,-3.06,0.76
1250037,10.91,-0.74,-17,-3.06,-0.26
1300038,2.71,0.50,11,-3.06,0.53
1350038,0.17,1.52,35,-3.11,0.83
1400038,10.21,-0.38,-8,-3.11,-0.82
1450041,7.33,-0.42,-9,-3.04,-0.95
1500042,-1.83,1.63,37,-3.05,0.50
1550042,6.54,0.48,11,-3.06,-0.31
1600042,11.26,-0.99,-23,-3.02,-0.91
1650042,-0.70,1.18,27,-3.02,0.98
1700045,1.75,1.41,32,-3.09,1.07
1750046,13.18,-1.09,-25,-3.09,-0.63
1800049,3.40,0.23,5,-3.06,0.25
1850049,-1.92,1.87,43,-3.12,0.96
1900050,9.95,-0.19,-4,-3.12,-0.87
1950050,9.69,-0.88,-20,-3.04,-1.21
2000050,-3.40,1.84,42,-3.04,0.70
2050050,4.71,1.00,23,-3.08,-0.01
2100050,14.57,-1.55,-35,-3.03,-1.27
2150050,1.57,0.41,9,-3.00,0.58
2200050,-3.84,2.35,54,-3.09,1.70
2250050,12.74,-0.65,-15,-3.12,-0.65
2300050,10.65,-1.28,-29,-3.04,-0.91
2350050,-7.42,2.59,60,-3.07,1.43
2400053,3.05,1.73,40,-3.14,0.12
2450054,21.47,-2.80,-64,-3.03,-2.77
2500057,3.32,-0.54,-12,-2.94,-0.32
2550058,-13.79,4.21,97,-3.05,2.77
2600058,9.95,0.83,19,-3.13,-0.08
2650061,24.87,-3.84,-88,-3.01,-2.46
2700062,-3.84,0.67,15,-2.97,1.29
2750062,-13.79,4.64,107,3.13,3.22
2800065,18.32,-0.93,-21,3.11,-1.60
2850066,19.46,-3.27,-75,-3.01,-2.56
2900066,-15.45,3.68,85,-3.04,2.33
2950066,-4.80,4.00,92,3.11,0.89
3000066,32.64,-4.33,-100,-3.05,-4.19
3050069,14.40,-3.73,-86,-2.87,-0.97
3100070,-28.54,6.11,141,-3.02,5.15
3150073,-14.31,7.44,172,3.02,2.52
3200074,24.52,0.12,2,3.07,-3.17
3250074,25.74,-3.19,-73,-3.00,-3.76
3300074,-6.72,2.20,50,-2.94,1.06
3350074,-6.02,3.84,88,-3.07,1.34
3400074,26.53,-3.00,-69,-3.01,-2.46
3450074,13.18,-2.76,-64,-2.90,-0.04
3500074,-23.39,5.59,129,-3.07,4.97
3550074,-8.73,6.04,139,3.00,1.90
3600074,29.58,-1.97,-45,3.08,-3.88
3650074,21.21,-3.51,-81,-2.97,-2.93
3700074,-20.51,4.99,115,-3.00,2.55
3750074,-8.55,5.74,132,-3.13,0.49
3800074,32.55,-3.00,-69,-3.01,-4.18
3850074,22.34,-4.49,-104,-2.80,-1.61
3900074,-26.53,5.71,132,-2.95,5.62
3950074,-15.80,7.67,177,-3.14,0.00
4060013,41.00,-4.08,-94,-3.14,0.00
4174292,70.44,-17.17,-255,-3.14,0.00
4288662,8.16,-10.60,-245,-3.14,0.00
4403182,-60.16,6.95,161,-3.14,0.00
4517523,-98.57,26.71,255,-3.14,0.00
4631991,-47.38,28.57,255,-3.14,0.00
4746261,35.02,14.49,255,-3.14,0.00
4860630,64.86,1.94,44,-3.14,0.00
4975139,84.25,-12.01,-255,-3.14,0.00
5089464,65.23,-18.62,-255,-3.14,0.00
5203909,8.12,-12.36,-255,-3.14,0.00
5318151,-49.27,2.44,56,-3.14,0.00
5432480,-88.47,20.82,255,-3.14,0.00
5612727,-22.63,17.44,255,-3.14,0.00
5727101,42.46,4.24,98,-3.14,0.00
5841411,71.30,-9.05,-209,-3.14,0.00
5955838,78.48,-20.71,-255,-3.14,0.00
6070252,9.00,0.00,0,-3.14,0.00
6184583,-54.27,0.00,0,-3.14,0.00
6299038,-30.99,0.00,0,-3.14,0.00
6413289,-2.25,0.00,0,-3.14,0.00
6527634,-0.31,0.00,0,-3.14,0.00
6642107,0.11,0.00,0,-3.14,0.00
6756384,0.42,0.00,0,-3.14,0.00
6870764,-0.04,0.00,0,-3.14,0.00
6985116,-0.08,0.00,0,-3.14,0.00
7099396,-0.34,0.00,0,-3.14,0.00
7213781,-0.08,0.00,0,-3.14,0.00
7328138,0.34,0.00,0,-3.14,0.00
7442427,0.38,0.00,0,-3.14,0.00
7556823,-0.15,0.00,0,-3.14,0.00
7671196,0.00,0.00,0,-3.14,0.00
7785477,0.11,0.00,0,-3.14,0.00
7899892,0.31,0.00,0,-3.14,0.00
8014090,0.23,0.00,0,-3.14,0.00
8128362,-0.11,0.00,0,-3.14,0.00
8242733,0.00,0.00,0,-3.14,0.00
8357045,0.08,0.00,0,-3.14,0.00
8471299,0.00,0.00,0,-3.14,0.00
8585619,0.00,0.00,0,-3.14,0.00
8700059,-0.04,0.00,0,-3.14,0.00
8814318,0.00,0.00,0,-3.14,0.00
8928645,0.04,0.00,0,-3.14,0.00
9043123,0.00,0.00,0,-3.14,0.00
9157378,-0.04,0.00,0,-3.14,0.00
9271756,0.00,0.00,0,-3.14,0.00
9386076,0.00,0.00,0,-3.14,0.00
9500313,0.00,0.00,0,-3.14,0.00
9614638,0.00,0.00,0,-3.14,0.00
9729085,0.00,0.00,0,-3.14,0.00
9843325,0.00,0.00,0,-3.14,0.00
9957655,0.00,0.00,0,-3.14,0.00
++++++++++++++++++++++++++++++++++++++++++++++++++++++
Enter a new Wheel Ref: Starting new process at wheel ref = -5
++++++++++++++++++++++++++++++++++++++++++++++++++++++
Reference Wheel: -5
B_U1: 1.40000000
B_U2: -0.40000000
B_E0: 0.26000000
B_E1: -0.21580000
B_E2: 0.04134000
Sample Rate [ms]: 50
Step Started [ms]: 1000
Run Time [ms]: 5000
Data format: time_stamp_us,wheel_speed_rad_sec,command_volt,command_pwm,pitch_rad,ang_vel_rad_s
-------------------------------------------------------
24,0.00,0.00,0,-3.14,0.00
114459,0.00,0.00,0,-3.14,0.00
228840,0.00,0.00,0,-3.14,0.00
343192,0.00,0.00,0,-3.14,0.00
457473,0.00,0.00,0,-3.14,0.00
571858,0.00,0.00,0,-3.14,0.00
686217,0.00,0.00,0,-3.14,0.00
800508,0.00,0.00,0,-3.14,0.00
914906,0.00,0.00,0,-3.14,0.00
1029083,0.00,-1.30,-30,-3.14,0.00
1143347,0.00,-2.04,-47,-3.14,0.00
1257713,-12.32,0.44,10,-3.14,0.00
1372080,-24.76,4.78,110,-3.14,0.00
1486382,-4.58,2.45,56,-3.14,0.00
1600796,36.27,-8.31,-192,-3.14,0.00
1715196,43.14,-16.24,-255,-3.14,0.00
1829543,-8.05,-9.93,-230,-3.14,0.00
1944019,-63.04,5.03,116,-3.14,0.00
2058300,-101.98,23.83,255,-3.14,0.00
2172686,-44.44,23.08,255,-3.14,0.00
2287045,39.60,6.68,154,-3.14,0.00
2401335,66.24,-7.15,-165,-3.14,0.00
2515734,75.82,-20.17,-255,-3.14,0.00
2630110,14.61,-15.97,-255,-3.14,0.00
2744425,-46.49,-2.62,-60,-3.14,0.00
2858858,-85.30,13.84,255,-3.14,0.00
2973280,-83.05,25.10,255,-3.14,0.00
3087658,-17.32,19.28,255,-3.14,0.00
3202177,36.62,6.71,155,-3.14,0.00
3316516,62.66,-6.43,-149,-3.14,0.00
3430982,85.50,-22.33,-255,-3.14,0.00
3545250,19.86,-18.42,-255,-3.14,0.00
3659618,-52.00,-3.02,-69,-3.14,0.00
3774122,-91.38,14.44,255,-3.14,0.00
3888441,-91.15,27.12,255,-3.14,0.00
4002879,-21.47,21.45,255,-3.14,0.00
4117109,41.71,7.05,163,-3.14,0.00
4231423,74.13,-8.53,-197,-3.14,0.00
4345855,95.14,-25.65,-255,-3.14,0.00
4460276,25.24,-22.02,-255,-3.14,0.00
4574653,-47.91,-7.02,-162,-3.14,0.00
4689170,-89.01,10.30,238,-3.14,0.00
4803508,-106.01,27.14,255,-3.14,0.00
4917971,-46.05,26.23,255,-3.14,0.00
5032233,33.72,11.11,255,-3.14,0.00
5146594,71.31,-4.72,-109,-3.14,0.00
5261089,103.62,-24.43,-255,-3.14,0.00
5375396,37.22,-23.00,-255,-3.14,0.00
5489816,-49.31,-6.29,-145,-3.14,0.00
5604224,-90.16,11.22,255,-3.14,0.00
5718581,-102.26,26.97,255,-3.14,0.00
5833071,-35.10,23.63,255,-3.14,0.00
5947371,35.96,9.17,212,-3.14,0.00
6061782,66.51,0.00,0,-3.14,0.00
6176141,92.79,0.00,0,-3.14,0.00
6290432,47.34,0.00,0,-3.14,0.00
6404830,3.55,0.00,0,-3.14,0.00
6519207,0.42,0.00,0,-3.14,0.00
6633522,-0.27,0.00,0,-3.14,0.00
6747955,-0.34,0.00,0,-3.14,0.00
6862176,0.04,0.00,0,-3.14,0.00
6976480,0.04,0.00,0,-3.14,0.00
7090896,0.00,0.00,0,-3.14,0.00
7205069,0.00,0.00,0,-3.14,0.00
7319304,-0.04,0.00,0,-3.14,0.00
7433656,-0.11,0.00,0,-3.14,0.00
7548138,-0.04,0.00,0,-3.14,0.00
7662428,0.31,0.00,0,-3.14,0.00
7776824,0.00,0.00,0,-3.14,0.00
7891171,-0.15,0.00,0,-3.14,0.00
8005472,0.00,0.00,0,-3.14,0.00
8119857,0.04,0.00,0,-3.14,0.00
8234243,0.04,0.00,0,-3.14,0.00
8348572,0.00,0.00,0,-3.14,0.00
8462995,-0.04,0.00,0,-3.14,0.00
8577231,0.00,0.00,0,-3.14,0.00
8691527,0.00,0.00,0,-3.14,0.00
8805934,0.04,0.00,0,-3.14,0.00
8920147,0.00,0.00,0,-3.14,0.00
9034412,-0.04,0.00,0,-3.14,0.00
9148803,0.00,0.00,0,-3.14,0.00
9263142,0.00,0.00,0,-3.14,0.00
9377404,0.04,0.00,0,-3.14,0.00
9491792,0.00,0.00,0,-3.14,0.00
9606126,-0.04,0.00,0,-3.14,0.00
9720411,0.00,0.00,0,-3.14,0.00
9834774,0.04,0.00,0,-3.14,0.00
9949130,0.00,0.00,0,-3.14,0.00
++++++++++++++++++++++++++++++++++++++++++++++++++++++
Enter a new Wheel Ref: 