Serial initialized!
Starting new process at pwm = 0
++++++++++++++++++++++++++++++++++++++++++++++++++++++
Reference PWM: 0
Sample Rate [ms]: 50
Step Time [ms]: 1000
Run Time [ms]: 5000
Data format: time_stamp_us,wheel_speed_rad_sec,command_pwm,pitch_rad,ang_vel_rad_s
-------------------------------------------------------
23,0.00,0,-2.99,0.00
50025,0.00,0,-2.99,0.00
100028,0.00,0,-2.99,0.00
150030,0.00,0,-2.99,0.00
200034,0.00,0,-2.99,0.00
250034,0.00,0,-2.99,0.00
300036,0.00,0,-2.99,0.00
350037,0.00,0,-2.99,0.00
400040,0.00,0,-2.99,0.01
450040,0.00,0,-2.99,0.00
500044,0.00,0,-2.99,0.00
550046,0.00,0,-2.99,0.00
600050,0.00,0,-2.99,-0.00
650050,0.00,0,-2.99,-0.00
700051,0.00,0,-2.99,-0.00
750053,0.00,0,-2.99,-0.00
800053,0.00,0,-2.99,0.00
850056,0.00,0,-2.99,0.00
900056,0.00,0,-2.99,-0.00
950059,0.00,0,-2.99,-0.01
1000060,0.00,0,-2.99,-0.01
1050063,0.00,0,-2.99,-0.01
1100064,0.00,0,-2.99,0.01
1150065,0.00,0,-2.99,0.02
1200065,0.00,0,-2.99,0.02
1250065,0.00,0,-2.99,0.02
1300068,0.00,0,-3.00,0.01
1350069,0.00,0,-3.00,-0.01
1400072,0.00,0,-2.99,-0.01
1450074,0.00,0,-2.99,-0.02
1500075,0.00,0,-2.99,-0.00
1550078,0.00,0,-2.99,0.01
1600079,0.00,0,-2.99,0.03
1650082,0.00,0,-3.00,0.03
1700083,0.00,0,-3.00,0.02
1750086,0.00,0,-3.00,-0.00
1800086,0.00,0,-3.00,-0.02
1850088,0.00,0,-3.00,-0.03
1900090,0.00,0,-2.99,-0.03
1950090,0.00,0,-2.99,-0.01
2000090,0.00,0,-2.99,0.01
2050090,0.00,0,-3.00,0.03
2100091,0.00,0,-3.00,0.03
2150094,0.00,0,-3.00,0.02
2200095,0.00,0,-3.00,0.00
2250096,0.00,0,-3.00,-0.02
2300098,0.00,0,-3.00,-0.03
2350098,0.00,0,-3.00,-0.02
2400101,0.00,0,-3.00,0.00
2450104,0.00,0,-3.00,0.02
2500105,0.00,0,-3.00,0.03
2550108,0.00,0,-3.00,0.03
2600111,0.00,0,-3.00,0.02
2650114,0.00,0,-3.00,-0.00
2700115,0.00,0,-3.00,-0.02
2750115,0.00,0,-3.00,-0.02
2800116,0.00,0,-3.00,-0.01
2850118,0.00,0,-3.00,0.00
2900118,0.00,0,-3.00,0.02
2950118,0.00,0,-3.00,0.02
3000120,0.00,0,-3.00,0.02
3050120,0.00,0,-3.00,0.01
3100122,0.00,0,-3.00,-0.01
3150125,0.00,0,-3.00,-0.02
3200128,0.00,0,-3.00,-0.02
3250131,0.00,0,-3.00,-0.01
3300133,0.00,0,-3.00,0.01
3350133,0.00,0,-3.00,0.02
3400134,0.00,0,-3.00,0.03
3450137,0.00,0,-3.00,0.02
3500139,0.00,0,-3.00,0.01
3550139,0.00,0,-3.00,-0.00
3600139,0.00,0,-3.00,-0.01
3650139,0.00,0,-3.00,-0.01
3700142,0.00,0,-3.00,-0.00
3750144,0.00,0,-3.00,0.01
3800146,0.00,0,-3.00,0.02
3850147,0.00,0,-3.00,0.02
3900151,0.00,0,-3.00,0.02
3950155,0.00,0,-3.00,0.00
4000157,0.00,0,-3.00,-0.01
4050160,0.00,0,-3.00,-0.02
4100161,0.00,0,-3.00,-0.02
4150161,0.00,0,-3.00,-0.01
4200162,0.00,0,-3.00,0.00
4250165,0.00,0,-3.00,0.01
4300168,0.00,0,-3.00,0.02
4350169,0.00,0,-3.00,0.02
4400170,0.00,0,-3.00,0.01
4450170,0.00,0,-3.00,0.00
4500174,0.00,0,-3.00,-0.01
4550174,0.00,0,-3.00,-0.01
4600176,0.00,0,-3.00,-0.00
4650177,0.00,0,-3.00,0.01
4700178,0.00,0,-3.00,0.02
4750181,0.00,0,-3.00,0.03
4800183,0.00,0,-3.01,0.02
4850185,0.00,0,-3.01,0.01
4900189,0.00,0,-3.01,-0.01
4950189,0.00,0,-3.01,-0.02
5000190,0.00,0,-3.00,-0.02
5050192,0.00,0,-3.00,-0.01
5100194,0.00,0,-3.00,0.00
5150195,0.00,0,-3.00,0.02
5200196,0.00,0,-3.01,0.02
5250197,0.00,0,-3.01,0.02
5300199,0.00,0,-3.01,0.00
5350202,0.00,0,-3.01,-0.01
5400202,0.00,0,-3.01,-0.02
5450202,0.00,0,-3.00,-0.02
5500202,0.00,0,-3.00,-0.01
5550202,0.00,0,-3.00,0.01
5600202,0.00,0,-3.01,0.02
5650203,0.00,0,-3.01,0.03
5700204,0.00,0,-3.01,0.02
5750204,0.00,0,-3.01,0.01
5800206,0.00,0,-3.01,0.00
5850207,0.00,0,-3.01,-0.01
5900208,0.00,0,-3.01,-0.01
5950211,0.00,0,-3.01,-0.01
6000212,0.00,0,-3.01,0.00
6050215,0.00,0,-3.01,0.01
6100215,0.00,0,-3.01,0.02
6150215,0.00,0,-3.01,0.02
6200217,0.00,0,-3.01,0.00
6250219,0.00,0,-3.01,-0.01
6300219,0.00,0,-3.01,-0.02
6350220,0.00,0,-3.01,-0.02
6400224,0.00,0,-3.01,-0.00
6450226,0.00,0,-3.01,0.01
6500228,0.00,0,-3.01,0.02
6550228,0.00,0,-3.01,0.02
6600228,0.00,0,-3.01,0.01
6650232,0.00,0,-3.01,-0.00
6700234,0.00,0,-3.01,-0.00
6750234,0.00,0,-3.01,-0.01
6800237,0.00,0,-3.01,-0.00
6850239,0.00,0,-3.01,0.00
6900241,0.00,0,-3.01,0.01
6950241,0.00,0,-3.01,0.02
7000243,0.00,0,-3.01,0.02
7050244,0.00,0,-3.01,0.02
7100245,0.00,0,-3.01,0.01
7150245,0.00,0,-3.01,-0.01
7200246,0.00,0,-3.01,-0.02
7250249,0.00,0,-3.01,-0.02
7300249,0.00,0,-3.01,-0.01
7350249,0.00,0,-3.01,0.01
7400250,0.00,0,-3.01,0.02
7450253,0.00,0,-3.01,0.02
7500253,0.00,0,-3.01,0.01
7550256,0.00,0,-3.01,0.00
7600258,0.00,0,-3.01,-0.01
7650258,0.00,0,-3.01,-0.01
7700258,0.00,0,-3.01,-0.00
7750261,0.00,0,-3.01,0.01
7800261,0.00,0,-3.01,0.01
7850264,0.00,0,-3.01,0.01
7900268,0.00,0,-3.01,0.01
7950268,0.00,0,-3.01,0.01
8000269,0.00,0,-3.01,0.01
8050271,0.00,0,-3.01,0.00
8100273,0.00,0,-3.01,-0.00
8150275,0.00,0,-3.01,-0.00
8200277,0.00,0,-3.01,-0.01
8250280,0.00,0,-3.01,0.00
8300284,0.00,0,-3.01,0.01
8350284,0.00,0,-3.01,0.01
8400285,0.00,0,-3.01,0.01
8450287,0.00,0,-3.01,-0.00
8500288,0.00,0,-3.01,-0.01
8550288,0.00,0,-3.01,-0.01
8600288,0.00,0,-3.01,0.00
8650289,0.00,0,-3.01,0.01
8700292,0.00,0,-3.01,0.01
8750295,0.00,0,-3.01,0.01
8800298,0.00,0,-3.01,0.00
8850299,0.00,0,-3.01,0.00
8900301,0.00,0,-3.01,0.00
8950304,0.00,0,-3.01,0.01
9000307,0.00,0,-3.01,0.02
9050311,0.00,0,-3.01,0.01
9100314,0.00,0,-3.01,0.00
9150315,0.00,0,-3.01,-0.01
9200315,0.00,0,-3.01,-0.01
9250318,0.00,0,-3.01,-0.00
9300320,0.00,0,-3.01,0.01
9350321,0.00,0,-3.01,0.02
9400323,0.00,0,-3.01,0.01
9450325,0.00,0,-3.01,-0.00
9500327,0.00,0,-3.01,-0.01
9550330,0.00,0,-3.01,-0.02
9600330,0.00,0,-3.01,-0.01
9650331,0.00,0,-3.01,0.01
9700333,0.00,0,-3.01,0.02
9750335,0.00,0,-3.01,0.02
9800335,0.00,0,-3.01,0.01
9850336,0.00,0,-3.01,-0.01
9900336,0.00,0,-3.01,-0.01
9950336,0.00,0,-3.01,-0.01
++++++++++++++++++++++++++++++++++++++++++++++++++++++
Enter a new pwm_in: Starting new process at pwm = 20
++++++++++++++++++++++++++++++++++++++++++++++++++++++
Reference PWM: 20
Sample Rate [ms]: 50
Step Time [ms]: 1000
Run Time [ms]: 5000
Data format: time_stamp_us,wheel_speed_rad_sec,command_pwm,pitch_rad,ang_vel_rad_s
-------------------------------------------------------
24,0.00,0,-2.97,-0.02
50025,0.00,0,-2.97,-0.02
100026,0.00,0,-2.97,-0.02
150028,0.00,0,-2.97,-0.02
200028,0.00,0,-2.97,-0.02
250030,0.00,0,-2.97,-0.02
300031,0.00,0,-2.97,-0.02
350034,0.00,0,-2.97,-0.01
400036,0.00,0,-2.97,-0.01
450036,0.00,0,-2.97,-0.00
500039,0.00,0,-2.97,-0.00
550040,0.00,0,-2.97,0.00
600044,0.00,0,-2.97,0.01
650046,0.00,0,-2.97,0.01
700049,0.00,0,-2.97,0.00
750050,0.00,0,-2.97,0.00
800052,0.00,0,-2.97,0.00
850055,0.00,0,-2.98,-0.00
900057,0.00,0,-2.98,-0.01
950060,0.00,0,-2.98,-0.01
1000063,0.00,20,-2.98,-0.01
1050063,3.75,20,-2.97,-0.24
1100064,8.90,20,-2.94,-0.83
1150065,10.38,20,-2.90,-0.56
1200068,11.08,20,-2.89,0.02
1250070,11.08,20,-2.91,0.61
1300070,11.00,20,-2.95,0.97
1350070,11.69,20,-3.00,0.77
1400070,11.78,20,-3.02,0.29
1450071,12.04,20,-3.02,-0.29
1500071,11.96,20,-2.99,-0.75
1550074,11.78,20,-2.95,-0.84
1600075,11.61,20,-2.92,-0.55
1650078,11.43,20,-2.91,0.02
1700078,11.61,20,-2.92,0.53
1750080,11.26,20,-2.96,0.88
1800082,11.43,20,-3.00,0.84
1850086,11.69,20,-3.03,0.42
1900089,11.69,20,-3.04,-0.12
1950091,11.96,20,-3.02,-0.64
2000094,11.87,20,-2.98,-0.85
2050095,11.69,20,-2.94,-0.72
2100096,11.61,20,-2.92,-0.31
2150097,11.61,20,-2.92,0.20
2200099,11.61,20,-2.94,0.56
2250101,11.52,20,-2.97,0.70
2300104,11.87,20,-3.00,0.45
2350108,11.26,20,-3.01,0.10
2400108,11.69,20,-3.00,-0.41
2450110,11.78,20,-2.97,-0.74
2500112,11.78,20,-2.93,-0.71
2550112,11.78,20,-2.91,-0.43
2600112,11.61,20,-2.90,0.04
2650114,11.61,20,-2.91,0.48
2700115,11.52,20,-2.95,0.74
2750116,11.69,20,-2.98,0.66
2800117,11.87,20,-3.01,0.34
2850119,11.52,20,-3.01,-0.00
2900122,11.69,20,-3.00,-0.43
2950122,11.52,20,-2.98,-0.56
3000126,11.69,20,-2.95,-0.50
3050126,11.69,20,-2.93,-0.25
3100127,11.61,20,-2.93,0.11
3150129,11.69,20,-2.95,0.40
3200132,11.69,20,-2.97,0.48
3250136,11.95,20,-2.99,0.30
3300137,11.69,20,-3.00,0.06
3350140,11.87,20,-2.99,-0.26
3400142,11.61,20,-2.98,-0.46
3450143,11.17,20,-2.96,-0.41
3500145,11.61,20,-2.94,-0.34
3550147,11.52,20,-2.93,-0.09
3600149,11.69,20,-2.93,0.17
3650152,11.78,20,-2.95,0.32
3700152,11.78,20,-2.96,0.34
3750153,11.78,20,-2.98,0.21
3800153,11.69,20,-2.98,0.07
3850155,11.87,20,-2.98,-0.12
3900155,11.43,20,-2.97,-0.18
3950156,11.52,20,-2.97,-0.15
4000159,11.43,20,-2.96,-0.06
4050162,11.52,20,-2.97,0.08
4100163,11.69,20,-2.97,0.11
4150167,11.78,20,-2.98,0.14
4200168,11.87,20,-2.98,0.06
4250169,11.87,20,-2.98,-0.05
4300172,11.87,20,-2.98,-0.15
4350173,11.78,20,-2.97,-0.19
4400175,11.61,20,-2.96,-0.11
4450176,11.78,20,-2.96,-0.07
4500178,11.17,20,-2.96,0.09
4550181,11.43,20,-2.96,0.06
4600181,11.78,20,-2.96,-0.03
4650184,11.78,20,-2.96,-0.08
4700185,11.87,20,-2.96,-0.11
4750186,11.87,20,-2.95,-0.11
4800189,11.78,20,-2.95,-0.05
4850189,11.52,20,-2.95,0.09
4900190,11.69,20,-2.96,0.17
4950194,11.78,20,-2.97,0.17
5000196,11.26,20,-2.98,0.21
5050198,11.61,20,-2.99,0.06
5100199,11.52,20,-2.99,-0.03
5150201,11.69,20,-2.98,-0.15
5200201,11.78,20,-2.97,-0.21
5250202,11.78,20,-2.96,-0.14
5300204,11.78,20,-2.96,-0.04
5350207,11.69,20,-2.96,0.08
5400208,11.96,20,-2.97,0.12
5450208,11.61,20,-2.97,0.15
5500211,11.78,20,-2.98,0.06
5550211,11.61,20,-2.98,-0.07
5600211,11.17,20,-2.97,-0.12
5650211,11.69,20,-2.96,-0.27
5700212,11.69,20,-2.96,-0.25
5750212,11.69,20,-2.95,-0.16
5800212,11.78,20,-2.94,-0.00
5850214,11.78,20,-2.95,0.15
5900214,11.78,20,-2.96,0.22
5950216,11.52,20,-2.97,0.24
6000219,11.95,0,-2.98,0.13
6050219,6.81,0,-2.99,0.63
6100221,0.52,0,-3.03,1.00
6150222,0.00,0,-3.06,0.31
6200224,0.00,0,-3.06,-0.46
6250224,0.00,0,-3.03,-0.99
6300225,0.00,0,-2.98,-1.08
6350225,0.00,0,-2.93,-0.72
6400226,0.00,0,-2.91,-0.08
6450229,0.00,0,-2.92,0.57
6500230,0.00,0,-2.95,0.92
6550232,0.00,0,-3.00,0.84
6600235,0.00,0,-3.03,0.37
6650238,0.00,0,-3.04,-0.29
6700241,0.00,0,-3.02,-0.84
6750241,0.00,0,-2.97,-1.06
6800241,0.00,0,-2.92,-0.86
6850244,0.00,0,-2.89,-0.45
6900244,0.00,0,-2.89,0.20
6950246,0.00,0,-2.91,0.74
7000246,0.00,0,-2.96,0.96
7050250,0.00,0,-3.00,0.79
7100251,0.00,0,-3.02,0.32
7150252,0.00,0,-3.02,-0.24
7200254,0.00,0,-3.00,-0.64
7250255,0.00,0,-2.97,-0.72
7300258,0.00,0,-2.94,-0.48
7350259,0.00,0,-2.93,-0.01
7400262,0.00,0,-2.94,0.46
7450263,0.00,0,-2.97,0.73
7500264,0.00,0,-3.01,0.67
7550267,0.00,0,-3.03,0.31
7600270,0.00,0,-3.03,-0.19
7650271,0.00,0,-3.01,-0.63
7700274,0.00,0,-2.98,-0.82
7750275,0.00,0,-2.94,-0.70
7800275,0.00,0,-2.91,-0.33
7850278,0.00,0,-2.91,0.13
7900278,0.00,0,-2.93,0.49
7950278,0.00,0,-2.96,0.61
8000278,0.00,0,-2.98,0.45
8050280,0.00,0,-3.00,0.10
8100280,0.00,0,-3.00,-0.28
8150282,0.00,0,-2.98,-0.50
8200284,0.00,0,-2.95,-0.47
8250285,0.00,0,-2.94,-0.22
8300287,0.00,0,-2.94,0.15
8350287,0.00,0,-2.95,0.47
8400288,0.00,0,-2.98,0.61
8450292,0.00,0,-3.01,0.50
8500293,0.00,0,-3.02,0.20
8550293,0.00,0,-3.02,-0.17
8600295,0.00,0,-3.01,-0.46
8650297,0.00,0,-2.98,-0.56
8700298,0.00,0,-2.96,-0.44
8750298,0.00,0,-2.94,-0.16
8800298,0.00,0,-2.94,0.14
8850302,0.00,0,-2.96,0.33
8900303,0.00,0,-2.97,0.33
8950306,0.00,0,-2.99,0.16
9000306,0.00,0,-2.99,-0.11
9050306,0.00,0,-2.98,-0.34
9100306,0.00,0,-2.96,-0.42
9150308,0.00,0,-2.94,-0.32
9200310,0.00,0,-2.94,-0.08
9250310,0.00,0,-2.94,0.20
9300311,0.00,0,-2.96,0.41
9350314,0.00,0,-2.98,0.45
9400316,0.00,0,-3.00,0.33
9450320,0.00,0,-3.01,0.10
9500321,0.00,0,-3.01,-0.15
9550323,0.00,0,-2.99,-0.30
9600324,0.00,0,-2.98,-0.30
9650327,0.00,0,-2.97,-0.17
9700327,0.00,0,-2.96,0.03
9750329,0.00,0,-2.97,0.19
9800333,0.00,0,-2.98,0.25
9850336,0.00,0,-2.99,0.16
9900337,0.00,0,-3.00,-0.02
9950338,0.00,0,-2.99,-0.22
++++++++++++++++++++++++++++++++++++++++++++++++++++++
Enter a new pwm_in: Starting new process at pwm = 80
++++++++++++++++++++++++++++++++++++++++++++++++++++++
Reference PWM: 80
Sample Rate [ms]: 50
Step Time [ms]: 1000
Run Time [ms]: 5000
Data format: time_stamp_us,wheel_speed_rad_sec,command_pwm,pitch_rad,ang_vel_rad_s
-------------------------------------------------------
24,0.00,0,-2.98,-0.06
50025,0.00,0,-2.97,-0.09
100029,0.00,0,-2.97,-0.09
150031,0.00,0,-2.97,-0.07
200031,0.00,0,-2.96,-0.01
250034,0.00,0,-2.97,0.04
300034,0.00,0,-2.97,0.08
350034,0.00,0,-2.97,0.09
400037,0.00,0,-2.98,0.07
450038,0.00,0,-2.98,0.03
500040,0.00,0,-2.98,-0.01
550043,0.00,0,-2.98,-0.03
600044,0.00,0,-2.98,-0.02
650047,0.00,0,-2.98,0.01
700050,0.00,0,-2.98,0.03
750052,0.00,0,-2.98,0.04
800056,0.00,0,-2.98,0.02
850058,0.00,0,-2.99,-0.02
900061,0.00,0,-2.98,-0.06
950061,0.00,0,-2.98,-0.09
1000061,0.00,80,-2.98,-0.10
1050065,15.71,80,-2.94,-1.37
1100068,34.82,80,-2.79,-3.33
1150070,41.80,80,-2.66,-2.37
1200070,44.94,80,-2.62,-0.36
1250072,46.60,80,-2.67,2.00
1300072,48.00,80,-2.82,3.38
1350074,49.04,80,-2.99,3.61
1400076,50.18,80,-3.13,2.34
1450079,50.61,80,3.10,0.25
1500082,50.96,80,-3.14,-1.72
1550082,50.96,80,-3.02,-2.94
1600085,50.70,80,-2.87,-3.06
1650085,50.00,80,-2.76,-1.54
1700087,49.83,80,-2.74,0.37
1750090,49.48,80,-2.81,2.08
1800093,49.39,80,-2.95,3.21
1850094,49.57,80,-3.11,3.08
1900094,49.74,80,3.07,1.73
1950095,50.70,80,3.04,-0.27
2000099,50.87,80,3.11,-2.12
2050103,50.87,80,-3.04,-3.08
2100106,50.61,80,-2.89,-2.80
2150106,49.74,80,-2.79,-1.57
2200106,48.61,80,-2.77,0.38
2250106,49.22,80,-2.82,1.44
2300107,49.92,80,-2.92,2.43
2350107,50.44,80,-3.03,1.89
2400108,50.88,80,-3.09,0.88
2450112,50.96,80,-3.09,-0.61
2500112,50.79,80,-3.02,-1.82
2550115,50.87,80,-2.91,-2.26
2600115,50.44,80,-2.82,-1.69
2650115,49.57,80,-2.78,-0.30
2700116,49.30,80,-2.80,1.06
2750120,49.48,80,-2.88,2.04
2800120,49.65,80,-3.00,2.30
2850122,50.18,80,-3.09,1.58
2900122,50.00,80,-3.14,0.50
2950125,50.44,80,-3.12,-0.93
3000126,50.53,80,-3.05,-1.71
3050129,50.09,80,-2.97,-1.76
3100129,49.74,80,-2.89,-1.36
3150130,49.74,80,-2.85,-0.52
3200134,49.65,80,-2.87,0.66
3250137,49.13,80,-2.91,1.50
3300138,49.13,80,-2.98,1.41
3350138,50.27,80,-3.03,0.55
3400138,50.18,80,-3.03,-0.52
3450138,49.83,80,-3.00,-1.40
3500138,49.31,80,-2.92,-1.71
3550139,50.00,80,-2.85,-1.29
3600142,49.65,80,-2.80,-0.68
3650144,49.39,80,-2.79,0.63
3700148,49.74,80,-2.83,1.37
3750150,49.74,80,-2.90,1.59
3800152,50.18,80,-2.98,1.30
3850155,50.35,80,-3.03,0.72
3900156,50.26,80,-3.04,-0.07
3950159,50.79,80,-3.02,-0.80
4000159,50.18,80,-2.97,-1.01
4050159,49.92,80,-2.92,-0.69
4100159,49.92,80,-2.90,-0.11
4150161,50.18,80,-2.91,0.57
4200162,50.35,80,-2.95,0.93
4250163,50.09,80,-3.00,1.03
4300164,50.09,80,-3.03,0.57
4350164,50.61,80,-3.04,-0.18
4400165,50.53,80,-3.01,-0.82
4450167,50.35,80,-2.95,-1.35
4500169,50.53,80,-2.89,-1.15
4550172,50.00,80,-2.84,-0.75
4600173,49.92,80,-2.83,0.01
4650175,49.39,80,-2.84,0.51
4700177,49.65,80,-2.89,1.00
4750180,50.26,80,-2.93,0.82
4800180,50.79,80,-2.96,0.37
4850182,50.18,80,-2.96,-0.15
4900182,50.27,80,-2.95,-0.45
4950185,50.35,80,-2.92,-0.41
5000189,50.35,80,-2.90,-0.33
5050193,50.17,80,-2.90,0.23
5100193,50.00,80,-2.92,0.53
5150193,50.00,80,-2.95,0.79
5200193,50.27,80,-2.99,0.74
5250193,50.27,80,-3.01,0.29
5300195,50.53,80,-3.01,-0.21
5350195,50.70,80,-2.99,-0.53
5400198,50.09,80,-2.96,-0.70
5450198,50.53,80,-2.93,-0.49
5500198,50.44,80,-2.90,-0.34
5550199,50.35,80,-2.90,0.20
5600202,50.52,80,-2.90,0.18
5650202,50.44,80,-2.92,0.33
5700202,50.61,80,-2.94,0.17
5750203,50.44,80,-2.94,-0.05
5800206,50.18,80,-2.94,-0.20
5850206,50.00,80,-2.93,-0.44
5900208,50.35,80,-2.91,-0.29
5950211,50.87,80,-2.89,-0.20
6000212,50.53,0,-2.89,0.13
6050214,31.94,0,-2.93,1.89
6100214,7.68,0,-3.13,4.73
6150214,1.75,0,2.96,3.23
6200217,0.17,0,2.87,0.51
6250220,0.00,0,2.93,-2.28
6300221,0.00,0,3.11,-4.44
6350224,-0.09,0,-2.94,-4.89
6400227,-0.09,0,-2.74,-3.37
6450227,0.00,0,-2.65,-0.89
6500227,0.00,0,-2.68,1.70
6550230,0.00,0,-2.82,3.71
6600232,0.00,0,-3.02,4.16
6650234,0.00,0,3.09,2.74
6700237,0.00,0,3.03,0.32
6750237,0.00,0,3.09,-2.19
6800238,0.00,0,-3.03,-4.12
6850240,0.00,0,-2.81,-4.57
6900242,0.00,0,-2.62,-3.21
6950242,0.00,0,-2.53,-0.84
7000242,0.00,0,-2.57,1.72
7050245,0.00,0,-2.72,3.84
7100248,0.00,0,-2.94,4.68
7150251,0.00,0,-3.14,3.70
7200253,0.00,0,3.03,1.55
7250254,0.00,0,3.02,-0.87
7300254,0.00,0,3.13,-2.90
7350254,0.00,0,-2.99,-3.75
7400257,0.00,0,-2.82,-2.98
7450258,0.00,0,-2.73,-1.11
7500260,0.00,0,-2.74,1.05
7550263,0.00,0,-2.84,2.81
7600266,0.00,0,-3.00,3.42
7650268,0.00,0,3.14,2.51
7700270,0.00,0,3.07,0.58
7750273,0.00,0,3.11,-1.58
7800273,0.00,0,-3.05,-3.32
7850275,0.00,0,-2.86,-3.90
7900277,0.00,0,-2.70,-3.02
7950277,0.00,0,-2.60,-1.15
8000277,0.00,0,-2.61,1.00
8050279,0.00,0,-2.72,2.81
8100281,0.00,0,-2.88,3.60
8150284,0.00,0,-3.04,2.97
8200286,0.00,0,-3.14,1.33
8250288,0.00,0,3.14,-0.62
8300289,0.00,0,-3.07,-2.20
8350290,0.00,0,-2.94,-2.79
8400290,0.00,0,-2.82,-2.11
8450293,0.00,0,-2.76,-0.56
8500293,0.00,0,-2.78,1.19
8550294,0.00,0,-2.88,2.54
8600296,0.00,0,-3.02,2.87
8650296,0.00,0,-3.14,1.99
8700297,0.00,0,3.10,0.33
8750300,0.00,0,3.14,-1.49
8800302,0.00,0,-3.03,-2.84
8850305,0.00,0,-2.88,-3.20
8900306,0.00,0,-2.75,-2.41
8950307,0.00,0,-2.67,-0.84
9000309,0.00,0,-2.68,0.88
9050310,0.00,0,-2.77,2.21
9100311,0.00,0,-2.89,2.60
9150314,0.00,0,-3.00,1.93
9200316,0.00,0,-3.06,0.56
9250317,0.00,0,-3.04,-0.92
9300320,0.00,0,-2.96,-1.94
9350321,0.00,0,-2.86,-2.05
9400324,0.00,0,-2.78,-1.22
9450324,0.00,0,-2.76,0.17
9500324,0.00,0,-2.81,1.56
9550326,0.00,0,-2.92,2.42
9600327,0.00,0,-3.03,2.35
9650329,0.00,0,-3.12,1.38
9700331,0.00,0,3.14,-0.09
9750331,0.00,0,-3.12,-1.51
9800331,0.00,0,-3.02,-2.39
9850331,0.00,0,-2.90,-2.39
9900333,0.00,0,-2.80,-1.54
9950333,0.00,0,-2.75,-0.24
++++++++++++++++++++++++++++++++++++++++++++++++++++++
Enter a new pwm_in: Starting new process at pwm = 255
++++++++++++++++++++++++++++++++++++++++++++++++++++++
Reference PWM: 255
Sample Rate [ms]: 50
Step Time [ms]: 1000
Run Time [ms]: 5000
Data format: time_stamp_us,wheel_speed_rad_sec,command_pwm,pitch_rad,ang_vel_rad_s
-------------------------------------------------------
24,0.00,0,-2.99,0.30
50026,0.00,0,-3.00,0.24
100029,0.00,0,-3.01,0.12
150033,0.00,0,-3.01,-0.04
200036,0.00,0,-3.01,-0.16
250036,0.00,0,-3.00,-0.22
300036,0.00,0,-2.99,-0.21
350038,0.00,0,-2.98,-0.13
400038,0.00,0,-2.97,-0.04
450039,0.00,0,-2.97,0.01
500042,0.00,0,-2.98,-0.00
550045,0.00,0,-2.98,-0.05
600048,0.00,0,-2.97,-0.13
650050,0.00,0,-2.97,-0.18
700050,0.00,0,-2.96,-0.17
750050,0.00,0,-2.95,-0.09
800054,0.00,0,-2.95,0.02
850054,0.00,0,-2.96,0.14
900054,0.00,0,-2.97,0.22
950056,0.00,0,-2.98,0.23
1000057,0.00,255,-2.99,0.17
1050061,13.87,255,-2.98,-1.15
1100062,40.49,255,-2.84,-3.86
1150062,58.90,255,-2.64,-3.99
1200065,70.51,255,-2.51,-1.93
1250067,85.17,255,-2.47,-0.03
1300068,98.96,255,-2.52,1.40
1350069,110.74,255,-2.65,3.28
1400071,119.38,255,-2.83,3.68
1450071,123.57,255,-2.99,2.81
1500072,127.14,255,-3.10,1.38
1550072,130.03,255,-3.13,-1.15
1600073,132.03,255,-3.05,-2.75
1650076,133.34,255,-2.92,-3.32
1700079,134.21,255,-2.80,-2.16
1750082,134.12,255,-2.73,-0.90
1800084,134.56,255,-2.75,0.78
1850086,134.73,255,-2.88,3.44
1900086,136.31,255,-3.03,3.12
1950087,137.35,255,3.10,2.65
2000091,139.09,255,3.00,1.62
2050091,140.76,255,3.01,-0.64
2100092,141.46,255,3.11,-2.35
2150093,141.98,255,-3.02,-3.08
2200094,141.28,255,-2.89,-2.75
2250097,140.84,255,-2.82,-0.85
2300099,139.71,255,-2.81,0.79
2350100,139.45,255,-2.89,2.34
2400100,139.63,255,-3.00,2.39
2450100,140.06,255,-3.09,1.33
2500101,141.02,255,-3.13,-0.11
2550102,141.37,255,-3.08,-1.88
2600104,141.45,255,-2.98,-1.95
2650106,141.54,255,-2.88,-2.79
2700106,141.46,255,-2.79,-1.41
2750106,141.37,255,-2.75,0.50
2800110,140.75,255,-2.79,2.00
2850111,140.58,255,-2.90,3.67
2900114,141.01,255,-3.04,3.12
2950116,142.59,255,3.13,1.11
3000119,143.37,255,3.08,0.45
3050119,144.25,255,3.10,-1.46
3100123,144.24,255,-3.10,-1.68
3150123,143.99,255,-3.01,-1.24
3200123,143.12,255,-2.95,-0.45
3250124,142.24,255,-2.96,0.50
3300127,142.41,255,-2.99,1.37
3350127,141.81,255,-3.05,1.46
3400128,142.77,255,-3.12,1.04
3450130,143.20,255,-3.11,0.40
3500131,143.03,255,-3.10,-0.88
3550131,143.64,255,-3.03,-1.69
3600134,143.54,255,-2.95,-1.78
3650136,142.94,255,-2.86,-0.86
3700138,142.59,255,-2.83,-0.43
3750138,142.51,255,-2.84,1.31
3800138,142.16,255,-2.90,1.40
3850138,143.03,255,-2.97,1.39
3900139,143.38,255,-3.05,0.94
3950140,143.38,255,-3.07,0.17
4000143,143.81,255,-3.07,-0.19
4050143,144.78,255,-3.03,-1.86
4100143,143.73,255,-2.98,-0.47
4150143,143.12,255,-2.94,-0.52
4200145,143.72,255,-2.94,0.48
4250149,142.76,255,-2.98,1.77
4300149,142.68,255,-3.05,1.18
4350149,143.20,255,-3.11,0.55
4400153,143.54,255,-3.12,-0.08
4450153,143.82,255,-3.09,-1.38
4500155,143.90,255,-3.04,-1.23
4550158,143.72,255,-2.98,-1.33
4600159,143.20,255,-2.91,-1.99
4650161,142.41,255,-2.87,-0.69
4700161,142.24,255,-2.86,-0.05
4750164,142.06,255,-2.87,0.68
4800167,142.15,255,-2.91,0.53
4850169,142.33,255,-2.94,0.25
4900170,142.68,255,-2.96,-0.57
4950173,143.02,255,-2.96,0.25
5000174,142.68,255,-2.93,-0.09
5050176,142.15,255,-2.92,-0.32
5100177,141.89,255,-2.90,-0.38
5150180,142.41,255,-2.92,0.57
5200181,142.07,255,-2.96,0.41
5250182,141.46,255,-3.00,0.77
5300182,142.33,255,-3.04,1.42
5350183,142.68,255,-3.06,0.47
5400183,142.24,255,-3.05,-0.06
5450183,141.37,255,-3.03,-0.59
5500186,141.01,255,-3.00,-0.85
5550186,140.76,255,-2.95,-0.83
5600188,140.93,255,-2.91,-0.83
5650188,140.59,255,-2.90,-0.45
5700190,140.67,255,-2.90,0.41
5750192,140.58,255,-2.93,0.26
5800192,140.94,255,-2.93,-0.29
5850192,140.94,255,-2.95,-0.12
5900193,141.02,255,-2.94,-0.38
5950194,140.93,255,-2.92,-0.08
6000197,140.75,0,-2.90,-0.82
6050197,110.83,0,-2.91,2.01
6100201,43.98,0,3.01,9.36
6150202,12.30,0,2.55,8.93
6200204,3.23,0,2.23,5.11
6250205,1.05,0,2.10,0.85
6300205,0.44,0,2.18,-3.41
6350209,0.09,0,2.47,-7.68
6400209,-0.09,0,2.95,-11.00
6450209,-0.35,0,-2.83,-9.40
6500210,0.00,0,-2.49,-5.35
6550212,0.00,0,-2.35,-1.31
6600212,0.00,0,-2.40,2.74
6650214,0.00,0,-2.66,6.84
6700217,0.00,0,-3.07,9.26
6750218,0.26,0,2.82,6.69
6800220,0.00,0,2.61,2.68
6850220,0.00,0,2.60,-1.26
6900220,0.00,0,2.76,-4.98
6950223,0.00,0,3.11,-8.43
7000224,-0.17,0,-2.73,-9.28
7050226,0.00,0,-2.36,-6.00
7100226,0.00,0,-2.20,-1.79
7150226,0.00,0,-2.23,2.32
7200227,0.00,0,-2.46,6.34
7250230,0.00,0,-2.87,9.83
7300231,0.00,0,2.92,9.85
7350233,0.17,0,2.54,6.31
7400236,0.00,0,2.35,2.28
7450238,0.00,0,2.36,-1.70
7500240,0.00,0,2.55,-5.57
7550241,0.00,0,2.92,-8.66
7600244,-0.17,0,-2.94,-8.44
7650244,0.00,0,-2.62,-5.28
7700247,0.00,0,-2.47,-1.52
7750250,0.00,0,-2.51,2.23
7800253,0.00,0,-2.72,5.69
7850256,0.00,0,-3.05,7.07
7900256,0.09,0,2.94,4.94
7950256,0.00,0,2.80,1.57
8000256,0.00,0,2.83,-1.87
8050256,0.00,0,3.01,-5.07
8100256,0.00,0,-2.96,-7.15
8150257,-0.09,0,-2.63,-6.18
8200257,0.00,0,-2.42,-2.94
8250260,0.00,0,-2.38,0.74
8300261,0.00,0,-2.52,4.32
8350262,0.00,0,-2.82,7.36
8400265,0.00,0,3.07,8.14
8450266,0.09,0,2.73,5.81
8500269,0.00,0,2.55,2.34
8550270,0.00,0,2.54,-1.27
8600272,0.00,0,2.70,-4.64
8650274,0.00,0,3.00,-6.95
8700277,0.00,0,-2.95,-6.54
8750279,-0.09,0,-2.70,-3.91
8800282,0.00,0,-2.61,-0.68
8850283,0.00,0,-2.67,2.50
8900284,0.00,0,-2.87,4.94
8950285,0.00,0,-3.12,5.13
9000286,0.00,0,2.97,2.96
9050287,0.00,0,2.91,0.02
9100289,0.00,0,3.00,-2.90
9150291,0.00,0,-3.07,-5.23
9200293,0.00,0,-2.79,-5.74
9250296,0.00,0,-2.56,-3.77
9300297,0.00,0,-2.47,-0.70
9350299,0.00,0,-2.50,2.49
9400302,0.00,0,-2.68,5.32
9450304,0.00,0,-2.97,6.74
9500306,0.00,0,3.00,5.64
9550308,0.00,0,2.77,2.91
9600308,0.00,0,2.69,-0.22
9650308,0.00,0,2.76,-3.19
9700309,0.00,0,2.96,-5.22
9750312,0.00,0,-3.07,-5.20
9800315,0.00,0,-2.85,-3.25
9850315,0.00,0,-2.74,-0.59
9900317,0.00,0,-2.76,2.03
9950317,0.00,0,-2.90,3.88
++++++++++++++++++++++++++++++++++++++++++++++++++++++
Enter a new pwm_in: Starting new process at pwm = -10
++++++++++++++++++++++++++++++++++++++++++++++++++++++
Reference PWM: -10
Sample Rate [ms]: 50
Step Time [ms]: 1000
Run Time [ms]: 5000
Data format: time_stamp_us,wheel_speed_rad_sec,command_pwm,pitch_rad,ang_vel_rad_s
-------------------------------------------------------
24,0.00,0,-3.12,-0.39
50024,0.00,0,-3.10,-0.29
100024,0.00,0,-3.09,-0.11
150028,0.00,0,-3.09,0.04
200028,0.00,0,-3.09,0.07
250028,0.00,0,-3.10,-0.04
300028,0.00,0,-3.09,-0.25
350028,0.00,0,-3.08,-0.47
400028,0.00,0,-3.05,-0.58
450028,0.00,0,-3.03,-0.54
500031,0.00,0,-3.01,-0.35
550031,0.00,0,-3.00,-0.05
600034,0.00,0,-3.01,0.25
650036,0.00,0,-3.03,0.46
700036,0.00,0,-3.05,0.53
750039,0.00,0,-3.08,0.46
800039,0.00,0,-3.09,0.29
850040,0.00,0,-3.10,0.12
900040,0.00,0,-3.11,0.01
950041,0.00,0,-3.11,0.00
1000043,0.00,-10,-3.10,0.07
1050044,-2.18,-10,-3.11,0.42
1100045,-4.63,-10,-3.14,0.62
1150045,-5.24,-10,3.12,0.36
1200047,-4.89,-10,3.12,-0.16
1250048,-5.15,-10,3.13,-0.60
1300048,-5.24,-10,-3.12,-0.86
1350052,-5.58,-10,-3.08,-0.84
1400052,-5.67,-10,-3.04,-0.61
1450052,-5.59,-10,-3.02,-0.25
1500055,-5.58,-10,-3.01,0.08
1550058,-5.67,-10,-3.02,0.30
1600059,-5.58,-10,-3.03,0.29
1650062,-5.67,-10,-3.05,0.15
1700063,-5.67,-10,-3.06,-0.10
1750063,-5.50,-10,-3.05,-0.29
1800066,-5.58,-10,-3.04,-0.25
1850067,-5.58,-10,-3.03,-0.05
1900069,-5.76,-10,-3.03,0.26
1950071,-5.50,-10,-3.05,0.51
2000072,-5.32,-10,-3.08,0.66
2050076,-5.32,-10,-3.11,0.63
2100078,-5.58,-10,-3.14,0.44
2150081,-5.50,-10,3.13,0.09
2200084,-4.97,-10,3.14,-0.27
2250086,-4.80,-10,-3.13,-0.52
2300089,-5.15,-10,-3.10,-0.46
2350093,-5.41,-10,-3.08,-0.28
2400095,-5.58,-10,-3.07,-0.09
2450096,-5.50,-10,-3.07,0.01
2500098,-5.15,-10,-3.07,0.03
2550102,-5.15,-10,-3.07,-0.08
2600102,-5.32,-10,-3.07,-0.18
2650102,-5.41,-10,-3.05,-0.30
2700104,-5.58,-10,-3.04,-0.35
2750105,-5.50,-10,-3.02,-0.31
2800106,-5.67,-10,-3.02,-0.13
2850106,-5.67,-10,-3.02,0.08
2900110,-5.76,-10,-3.03,0.32
2950111,-5.58,-10,-3.05,0.43
3000111,-5.41,-10,-3.07,0.40
3050111,-5.32,-10,-3.09,0.35
3100112,-5.50,-10,-3.10,0.22
3150114,-5.50,-10,-3.11,0.07
3200116,-5.50,-10,-3.11,-0.02
3250118,-5.15,-10,-3.10,-0.09
3300121,-4.80,-10,-3.10,-0.11
3350124,-5.06,-10,-3.09,0.00
3400126,-5.32,-10,-3.10,0.11
3450127,-5.50,-10,-3.10,0.09
3500128,-5.15,-10,-3.10,-0.06
3550128,-5.06,-10,-3.09,-0.26
3600128,-5.15,-10,-3.08,-0.39
3650132,-5.41,-10,-3.06,-0.42
3700132,-5.50,-10,-3.04,-0.36
3750135,-5.50,-10,-3.03,-0.21
3800136,-5.41,-10,-3.02,-0.07
3850139,-5.41,-10,-3.02,0.09
3900141,-5.58,-10,-3.03,0.20
3950142,-5.67,-10,-3.04,0.22
4000146,-5.58,-10,-3.05,0.16
4050147,-5.58,-10,-3.06,0.09
4100148,-5.32,-10,-3.06,0.03
4150149,-5.58,-10,-3.07,0.08
4200152,-5.50,-10,-3.07,0.14
4250155,-5.58,-10,-3.08,0.21
4300157,-5.32,-10,-3.09,0.22
4350157,-5.15,-10,-3.10,0.17
4400157,-5.24,-10,-3.11,0.11
4450160,-5.50,-10,-3.11,0.01
4500161,-5.24,-10,-3.10,-0.13
4550161,-4.89,-10,-3.09,-0.29
4600163,-4.71,-10,-3.08,-0.35
4650167,-5.24,-10,-3.06,-0.24
4700170,-5.32,-10,-3.06,-0.14
4750171,-5.58,-10,-3.05,-0.04
4800175,-5.32,-10,-3.05,-0.06
4850179,-5.06,-10,-3.05,-0.10
4900180,-5.06,-10,-3.05,-0.15
4950180,-5.50,-10,-3.04,-0.09
5000182,-5.50,-10,-3.04,-0.05
5050183,-5.50,-10,-3.04,0.02
5100186,-5.41,-10,-3.04,0.09
5150186,-5.50,-10,-3.05,0.18
5200188,-5.58,-10,-3.06,0.22
5250188,-5.59,-10,-3.07,0.25
5300192,-5.50,-10,-3.08,0.19
5350194,-5.32,-10,-3.09,0.08
5400196,-5.41,-10,-3.09,0.04
5450196,-5.41,-10,-3.09,0.00
5500196,-5.50,-10,-3.09,-0.00
5550198,-5.41,-10,-3.09,-0.03
5600200,-5.06,-10,-3.09,-0.09
5650201,-4.71,-10,-3.08,-0.13
5700202,-4.97,-10,-3.07,-0.09
5750206,-5.32,-10,-3.07,-0.05
5800206,-5.50,-10,-3.07,-0.07
5850207,-5.15,-10,-3.06,-0.16
5900209,-5.06,-10,-3.05,-0.21
5950210,-5.06,-10,-3.05,-0.20
6000213,-5.32,0,-3.04,-0.10
6050214,-2.62,0,-3.03,-0.35
6100217,-0.09,0,-3.01,-0.38
6150217,0.00,0,-3.00,0.02
6200218,0.00,0,-3.02,0.39
6250218,0.00,0,-3.04,0.63
6300222,0.00,0,-3.07,0.63
6350222,0.00,0,-3.10,0.42
6400224,0.00,0,-3.11,0.07
6450227,0.00,0,-3.10,-0.25
6500227,0.00,0,-3.09,-0.42
6550229,0.00,0,-3.07,-0.38
6600231,0.00,0,-3.05,-0.17
6650231,0.00,0,-3.05,0.11
6700234,0.00,0,-3.07,0.32
6750235,0.00,0,-3.08,0.36
6800236,0.00,0,-3.10,0.21
6850237,0.00,0,-3.10,-0.06
6900237,0.00,0,-3.09,-0.35
6950240,0.00,0,-3.07,-0.52
7000242,0.00,0,-3.05,-0.52
7050243,0.00,0,-3.03,-0.33
7100244,0.00,0,-3.02,-0.04
7150245,0.00,0,-3.02,0.23
7200248,0.00,0,-3.04,0.39
7250250,0.00,0,-3.06,0.38
7300253,0.00,0,-3.08,0.23
7350254,0.00,0,-3.08,0.01
7400256,0.00,0,-3.08,-0.17
7450257,0.00,0,-3.07,-0.23
7500258,0.00,0,-3.06,-0.16
7550258,0.00,0,-3.06,0.01
7600258,0.00,0,-3.06,0.21
7650261,0.00,0,-3.07,0.32
7700262,0.00,0,-3.09,0.30
7750265,0.00,0,-3.10,0.15
7800266,0.00,0,-3.10,-0.06
7850267,0.00,0,-3.10,-0.23
7900269,0.00,0,-3.08,-0.38
7950271,0.00,0,-3.06,-0.37
8000271,0.00,0,-3.05,-0.24
8050275,0.00,0,-3.04,-0.05
8100276,0.00,0,-3.04,0.11
8150278,0.00,0,-3.05,0.19
8200279,0.00,0,-3.06,0.17
8250280,0.00,0,-3.07,0.06
8300282,0.00,0,-3.07,-0.07
8350283,0.00,0,-3.06,-0.17
8400285,0.00,0,-3.06,-0.18
8450287,0.00,0,-3.05,-0.09
8500287,0.00,0,-3.05,0.07
8550287,0.00,0,-3.06,0.22
8600287,0.00,0,-3.07,0.29
8650287,0.00,0,-3.08,0.27
8700289,0.00,0,-3.09,0.15
8750291,0.00,0,-3.10,-0.01
8800292,0.00,0,-3.09,-0.16
8850295,0.00,0,-3.08,-0.23
8900295,0.00,0,-3.07,-0.21
8950295,0.00,0,-3.06,-0.12
9000296,0.00,0,-3.06,-0.01
9050297,0.00,0,-3.06,0.07
9100299,0.00,0,-3.07,0.08
9150299,0.00,0,-3.07,0.02
9200300,0.00,0,-3.07,-0.08
9250300,0.00,0,-3.07,-0.17
9300301,0.00,0,-3.06,-0.20
9350305,0.00,0,-3.05,-0.16
9400306,0.00,0,-3.04,-0.05
9450309,0.00,0,-3.05,0.08
9500310,0.00,0,-3.05,0.16
9550312,0.00,0,-3.06,0.22
9600313,0.00,0,-3.07,0.19
9650317,0.00,0,-3.08,0.11
9700317,0.00,0,-3.08,0.00
9750318,0.00,0,-3.08,-0.08
9800321,0.00,0,-3.08,-0.10
9850322,0.00,0,-3.07,-0.07
9900325,0.00,0,-3.07,-0.00
9950326,0.00,0,-3.07,0.06
++++++++++++++++++++++++++++++++++++++++++++++++++++++
Enter a new pwm_in: Starting new process at pwm = -20
++++++++++++++++++++++++++++++++++++++++++++++++++++++
Reference PWM: -20
Sample Rate [ms]: 50
Step Time [ms]: 1000
Run Time [ms]: 5000
Data format: time_stamp_us,wheel_speed_rad_sec,command_pwm,pitch_rad,ang_vel_rad_s
-------------------------------------------------------
24,0.00,0,-3.06,-0.04
50026,0.00,0,-3.06,-0.06
100028,0.00,0,-3.06,-0.05
150028,0.00,0,-3.06,-0.04
200028,0.00,0,-3.06,-0.01
250028,0.00,0,-3.06,0.03
300028,0.00,0,-3.06,0.04
350030,0.00,0,-3.06,0.04
400030,0.00,0,-3.07,0.03
450030,0.00,0,-3.07,0.00
500030,0.00,0,-3.07,-0.01
550033,0.00,0,-3.07,-0.02
600034,0.00,0,-3.07,-0.02
650035,0.00,0,-3.07,-0.00
700037,0.00,0,-3.07,0.01
750039,0.00,0,-3.07,0.02
800041,0.00,0,-3.07,0.01
850044,0.00,0,-3.07,-0.01
900047,0.00,0,-3.07,-0.04
950048,0.00,0,-3.07,-0.06
1000052,0.00,-20,-3.06,-0.07
1050055,-4.62,-20,-3.07,0.43
1100058,-9.77,-20,-3.10,0.86
1150060,-11.17,-20,-3.14,0.48
1200062,-11.52,-20,-3.14,-0.16
1250063,-11.78,-20,-3.12,-0.77
1300067,-11.87,-20,-3.07,-1.00
1350069,-11.87,-20,-3.03,-0.83
1400069,-11.78,-20,-3.00,-0.30
1450072,-11.78,-20,-3.01,0.35
1500076,-11.69,-20,-3.04,0.77
1550076,-11.78,-20,-3.08,0.92
1600078,-11.61,-20,-3.12,0.59
1650079,-11.69,-20,-3.13,0.05
1700079,-11.78,-20,-3.12,-0.53
1750083,-11.87,-20,-3.08,-0.90
1800084,-11.96,-20,-3.04,-0.89
1850086,-12.04,-20,-3.00,-0.53
1900090,-12.04,-20,-3.00,0.06
1950093,-11.61,-20,-3.01,0.53
2000095,-11.69,-20,-3.05,0.83
2050098,-11.69,-20,-3.09,0.77
2100099,-11.61,-20,-3.11,0.36
2150102,-11.78,-20,-3.12,-0.13
2200102,-11.69,-20,-3.10,-0.58
2250102,-11.87,-20,-3.07,-0.75
2300102,-11.96,-20,-3.04,-0.60
2350106,-12.04,-20,-3.02,-0.20
2400108,-11.96,-20,-3.02,0.28
2450110,-11.87,-20,-3.04,0.60
2500113,-11.69,-20,-3.08,0.73
2550117,-11.52,-20,-3.11,0.46
2600119,-11.61,-20,-3.12,0.09
2650119,-11.52,-20,-3.12,-0.35
2700122,-11.61,-20,-3.09,-0.67
2750124,-11.87,-20,-3.05,-0.68
2800125,-11.96,-20,-3.02,-0.46
2850128,-12.13,-20,-3.01,-0.07
2900132,-11.95,-20,-3.02,0.31
2950132,-11.96,-20,-3.04,0.54
3000134,-11.69,-20,-3.07,0.56
3050136,-11.26,-20,-3.09,0.30
3100136,-11.61,-20,-3.10,0.01
3150137,-11.52,-20,-3.09,-0.34
3200138,-11.69,-20,-3.07,-0.47
3250138,-11.87,-20,-3.05,-0.44
3300141,-11.87,-20,-3.03,-0.20
3350145,-12.13,-20,-3.03,0.10
3400145,-11.96,-20,-3.04,0.34
3450146,-11.96,-20,-3.06,0.48
3500150,-11.69,-20,-3.08,0.38
3550153,-11.69,-20,-3.10,0.17
3600154,-11.34,-20,-3.10,-0.16
3650158,-11.43,-20,-3.08,-0.34
3700158,-11.78,-20,-3.07,-0.40
3750160,-11.61,-20,-3.05,-0.37
3800164,-11.87,-20,-3.04,-0.14
3850167,-12.04,-20,-3.04,0.09
3900168,-11.96,-20,-3.05,0.26
3950170,-11.96,-20,-3.06,0.25
4000172,-11.78,-20,-3.07,0.16
4050174,-11.87,-20,-3.07,0.01
4100176,-11.26,-20,-3.07,-0.21
4150180,-11.61,-20,-3.06,-0.23
4200181,-11.69,-20,-3.05,-0.20
4250184,-11.69,-20,-3.04,-0.07
4300184,-11.78,-20,-3.04,0.09
4350185,-11.78,-20,-3.05,0.17
4400189,-11.95,-20,-3.06,0.21
4450192,-11.87,-20,-3.07,0.11
4500194,-11.96,-20,-3.07,0.04
4550196,-11.69,-20,-3.07,-0.08
4600196,-11.69,-20,-3.07,-0.11
4650197,-11.52,-20,-3.06,-0.08
4700200,-11.43,-20,-3.06,-0.06
4750203,-11.69,-20,-3.06,0.05
4800205,-11.69,-20,-3.06,0.05
4850206,-11.69,-20,-3.06,0.04
4900210,-11.87,-20,-3.06,-0.00
4950213,-11.87,-20,-3.06,-0.09
5000213,-11.96,-20,-3.06,-0.14
5050216,-11.95,-20,-3.05,-0.12
5100216,-11.87,-20,-3.05,-0.04
5150216,-11.43,-20,-3.05,-0.02
5200218,-11.43,-20,-3.05,0.10
5250218,-11.69,-20,-3.05,0.14
5300220,-11.52,-20,-3.06,0.09
5350220,-11.87,-20,-3.06,0.04
5400223,-11.69,-20,-3.07,-0.07
5450226,-11.87,-20,-3.06,-0.13
5500227,-11.87,-20,-3.06,-0.12
5550227,-11.87,-20,-3.05,-0.05
5600229,-11.87,-20,-3.05,0.05
5650230,-11.69,-20,-3.05,0.13
5700233,-11.69,-20,-3.06,0.18
5750236,-11.43,-20,-3.07,0.09
5800239,-11.52,-20,-3.07,0.06
5850240,-11.69,-20,-3.08,-0.05
5900242,-11.52,-20,-3.07,-0.19
5950242,-11.78,-20,-3.06,-0.21
6000244,-11.78,0,-3.05,-0.18
6050246,-7.07,0,-3.04,-0.62
6100248,-1.13,0,-2.99,-0.98
6150251,-0.09,0,-2.96,-0.44
6200252,0.00,0,-2.96,0.37
6250254,0.00,0,-3.00,0.97
6300256,0.09,0,-3.05,1.15
6350256,0.00,0,-3.10,0.85
6400257,0.00,0,-3.12,0.21
6450260,0.00,0,-3.12,-0.49
6500262,0.00,0,-3.08,-0.95
6550265,-0.09,0,-3.03,-0.97
6600267,0.00,0,-3.00,-0.59
6650267,0.00,0,-2.99,0.07
6700269,0.00,0,-3.01,0.70
6750269,0.00,0,-3.05,1.05
6800272,0.09,0,-3.10,0.97
6850274,0.00,0,-3.14,0.51
6900274,0.00,0,-3.14,-0.15
6950274,0.00,0,-3.12,-0.72
7000274,0.00,0,-3.08,-1.01
7050276,-0.09,0,-3.03,-0.90
7100276,0.00,0,-3.00,-0.45
7150276,0.00,0,-2.99,0.14
7200278,0.00,0,-3.02,0.61
7250278,0.09,0,-3.05,0.79
7300280,0.00,0,-3.09,0.61
7350280,0.00,0,-3.10,0.16
7400283,0.00,0,-3.10,-0.35
7450283,0.00,0,-3.08,-0.71
7500283,-0.09,0,-3.04,-0.75
7550285,0.00,0,-3.01,-0.49
7600286,0.00,0,-3.00,-0.01
7650287,0.00,0,-3.01,0.39
7700289,0.00,0,-3.04,0.74
7750291,0.09,0,-3.08,0.79
7800293,0.00,0,-3.11,0.54
7850296,0.00,0,-3.12,0.10
7900298,0.00,0,-3.12,-0.35
7950299,0.00,0,-3.09,-0.64
8000300,-0.09,0,-3.06,-0.64
8050301,0.00,0,-3.03,-0.40
8100303,0.00,0,-3.02,-0.00
8150304,0.00,0,-3.04,0.36
8200305,0.09,0,-3.06,0.52
8250305,0.00,0,-3.08,0.43
8300306,0.00,0,-3.10,0.14
8350308,0.00,0,-3.09,-0.23
8400308,0.00,0,-3.08,-0.52
8450308,0.00,0,-3.05,-0.60
8500308,0.00,0,-3.02,-0.45
8550309,0.00,0,-3.01,-0.13
8600312,0.00,0,-3.02,0.24
8650313,0.00,0,-3.04,0.50
8700317,0.00,0,-3.06,0.55
8750317,0.00,0,-3.08,0.39
8800319,0.00,0,-3.10,0.09
8850322,0.00,0,-3.09,-0.22
8900323,0.00,0,-3.08,-0.39
8950323,0.00,0,-3.06,-0.38
9000327,0.00,0,-3.04,-0.20
9050328,0.00,0,-3.04,0.07
9100331,0.00,0,-3.05,0.30
9150333,0.00,0,-3.07,0.39
9200334,0.00,0,-3.09,0.29
9250335,0.00,0,-3.10,0.06
9300337,0.00,0,-3.09,-0.21
9350338,0.00,0,-3.08,-0.41
9400339,0.00,0,-3.06,-0.45
9450343,0.00,0,-3.04,-0.34
9500343,0.00,0,-3.03,-0.10
9550346,0.00,0,-3.03,0.15
9600349,0.00,0,-3.04,0.31
9650352,0.00,0,-3.06,0.33
9700354,0.00,0,-3.07,0.20
9750355,0.00,0,-3.08,-0.00
9800356,0.00,0,-3.08,-0.18
9850357,0.00,0,-3.07,-0.26
9900361,0.00,0,-3.05,-0.21
9950362,0.00,0,-3.05,-0.05
++++++++++++++++++++++++++++++++++++++++++++++++++++++
Enter a new pwm_in: Starting new process at pwm = -40
++++++++++++++++++++++++++++++++++++++++++++++++++++++
Reference PWM: -40
Sample Rate [ms]: 50
Step Time [ms]: 1000
Run Time [ms]: 5000
Data format: time_stamp_us,wheel_speed_rad_sec,command_pwm,pitch_rad,ang_vel_rad_s
-------------------------------------------------------
24,0.00,0,-3.06,0.04
50024,0.00,0,-3.06,0.02
100028,0.00,0,-3.06,-0.02
150031,0.00,0,-3.06,-0.04
200034,0.00,0,-3.06,-0.04
250036,0.00,0,-3.06,-0.01
300036,0.00,0,-3.06,0.02
350036,0.00,0,-3.06,0.05
400036,0.00,0,-3.06,0.06
450039,0.00,0,-3.07,0.05
500039,0.00,0,-3.07,0.02
550039,0.00,0,-3.07,-0.03
600040,0.00,0,-3.07,-0.06
650043,0.00,0,-3.06,-0.07
700043,0.00,0,-3.06,-0.06
750043,0.00,0,-3.06,-0.03
800046,0.00,0,-3.06,-0.00
850048,0.00,0,-3.06,0.01
900050,0.00,0,-3.06,0.01
950054,0.00,0,-3.06,-0.02
1000056,0.00,-40,-3.06,-0.04
1050057,-8.99,-40,-3.07,0.97
1100057,-19.29,-40,3.13,1.74
1150061,-22.16,-40,3.07,1.02
1200061,-23.30,-40,3.05,-0.18
1250061,-23.82,-40,3.10,-1.37
1300062,-24.17,-40,-3.10,-1.96
1350064,-24.78,-40,-3.01,-1.74
1400067,-24.61,-40,-2.95,-0.85
1450068,-24.70,-40,-2.94,0.32
1500070,-25.04,-40,-2.99,1.35
1550071,-24.61,-40,-3.07,1.68
1600072,-24.78,-40,-3.14,1.34
1650075,-24.26,-40,3.10,0.44
1700076,-24.09,-40,3.11,-0.67
1750076,-24.17,-40,-3.11,-1.47
1800078,-24.35,-40,-3.03,-1.72
1850082,-24.78,-40,-2.96,-1.37
1900082,-24.87,-40,-2.92,-0.38
1950084,-24.78,-40,-2.92,0.64
2000084,-24.78,-40,-2.97,1.36
2050085,-24.61,-40,-3.04,1.55
2100086,-24.61,-40,-3.11,1.06
2150088,-24.35,-40,3.14,0.23
2200088,-24.09,-40,-3.14,-0.56
2250088,-24.26,-40,-3.10,-1.10
2300089,-24.43,-40,-3.05,-1.17
2350091,-24.70,-40,-3.00,-0.69
2400095,-24.87,-40,-2.98,0.05
2450095,-24.52,-40,-3.00,0.78
2500095,-24.78,-40,-3.04,1.20
2550097,-24.43,-40,-3.10,0.99
2600099,-24.43,-40,-3.14,0.41
2650102,-24.52,-40,3.14,-0.27
2700104,-24.08,-40,-3.12,-0.96
2750107,-24.17,-40,-3.07,-1.16
2800111,-24.69,-40,-3.01,-1.00
2850114,-24.69,-40,-2.97,-0.51
2900117,-24.78,-40,-2.96,0.19
2950117,-24.78,-40,-2.98,0.76
3000117,-24.52,-40,-3.02,0.89
3050117,-24.52,-40,-3.06,0.71
3100120,-24.52,-40,-3.09,0.31
3150121,-24.35,-40,-3.09,-0.21
3200122,-24.26,-40,-3.06,-0.63
3250123,-24.52,-40,-3.03,-0.71
3300124,-24.52,-40,-3.00,-0.44
3350124,-24.70,-40,-2.99,-0.07
3400127,-24.87,-40,-3.00,0.44
3450127,-24.52,-40,-3.03,0.77
3500129,-24.52,-40,-3.07,0.75
3550132,-24.43,-40,-3.10,0.50
3600134,-24.26,-40,-3.11,-0.00
3650136,-24.52,-40,-3.10,-0.52
3700137,-24.35,-40,-3.07,-0.71
3750138,-24.35,-40,-3.03,-0.69
3800141,-24.61,-40,-3.00,-0.43
3850144,-24.61,-40,-3.00,-0.01
3900146,-24.78,-40,-3.01,0.31
3950149,-24.69,-40,-3.03,0.46
4000152,-24.43,-40,-3.05,0.43
4050153,-24.35,-40,-3.06,0.14
4100154,-24.35,-40,-3.05,-0.26
4150155,-24.52,-40,-3.04,-0.45
4200158,-24.52,-40,-3.01,-0.50
4250160,-24.35,-40,-2.99,-0.31
4300161,-24.61,-40,-2.99,0.08
4350161,-24.52,-40,-3.00,0.34
4400164,-24.78,-40,-3.02,0.49
4450164,-24.52,-40,-3.05,0.55
4500167,-24.35,-40,-3.07,0.30
4550168,-24.35,-40,-3.08,0.04
4600169,-24.35,-40,-3.07,-0.19
4650173,-24.52,-40,-3.05,-0.42
4700174,-24.70,-40,-3.03,-0.38
4750178,-24.26,-40,-3.02,-0.17
4800180,-24.52,-40,-3.02,0.05
4850180,-24.61,-40,-3.03,0.24
4900181,-24.61,-40,-3.04,0.26
4950183,-24.52,-40,-3.05,0.07
5000183,-24.43,-40,-3.05,-0.07
5050184,-24.17,-40,-3.04,-0.26
5100186,-24.35,-40,-3.02,-0.39
5150188,-24.52,-40,-3.01,-0.32
5200192,-24.61,-40,-2.99,-0.19
5250194,-24.35,-40,-2.99,0.03
5300196,-24.61,-40,-3.00,0.26
5350198,-24.43,-40,-3.02,0.32
5400199,-24.43,-40,-3.03,0.24
5450199,-24.61,-40,-3.04,0.13
5500201,-24.26,-40,-3.04,-0.04
5550201,-24.26,-40,-3.04,-0.15
5600201,-24.52,-40,-3.03,-0.12
5650201,-24.35,-40,-3.02,-0.08
5700203,-24.61,-40,-3.02,-0.01
5750207,-24.43,-40,-3.03,0.16
5800210,-24.35,-40,-3.04,0.21
5850210,-24.43,-40,-3.04,0.13
5900210,-24.35,-40,-3.05,0.03
5950210,-24.61,-40,-3.04,-0.18
6000214,-24.43,0,-3.03,-0.27
6050217,-14.92,0,-3.00,-1.41
6100220,-3.05,0,-2.90,-2.19
6150222,-0.26,0,-2.82,-1.19
6200223,0.00,0,-2.81,0.44
6250224,0.00,0,-2.87,1.81
6300227,0.00,0,-2.98,2.44
6350230,0.00,0,-3.09,2.07
6400230,0.00,0,3.12,0.91
6450231,0.00,0,3.12,-0.53
6500235,0.00,0,-3.10,-1.70
6550235,0.00,0,-3.00,-2.15
6600237,0.00,0,-2.91,-1.67
6650240,0.00,0,-2.86,-0.48
6700241,0.00,0,-2.88,0.91
6750243,0.00,0,-2.96,1.99
6800245,0.00,0,-3.07,2.31
6850249,0.00,0,3.12,1.73
6900251,0.00,0,3.07,0.50
6950253,0.00,0,3.09,-0.88
7000253,0.00,0,-3.12,-1.93
7050253,0.00,0,-3.02,-2.26
7100256,0.00,0,-2.92,-1.74
7150258,0.00,0,-2.86,-0.63
7200258,0.00,0,-2.87,0.63
7250259,0.00,0,-2.93,1.55
7300261,0.00,0,-3.02,1.78
7350264,0.00,0,-3.09,1.24
7400265,0.00,0,-3.12,0.20
7450268,0.00,0,-3.10,-0.89
7500269,0.00,0,-3.04,-1.61
7550269,0.00,0,-2.96,-1.66
7600271,0.00,0,-2.89,-1.01
7650272,0.00,0,-2.87,0.06
7700274,0.00,0,-2.91,1.14
7750276,0.00,0,-2.98,1.81
7800276,0.00,0,-3.08,1.81
7850279,0.00,0,3.14,1.13
7900280,0.00,0,3.11,0.07
7950283,0.00,0,3.14,-0.96
8000285,0.00,0,-3.08,-1.58
8050287,0.00,0,-3.02,-1.57
8100291,0.00,0,-2.95,-0.97
8150292,0.00,0,-2.92,-0.05
8200294,0.00,0,-2.94,0.83
8250296,0.00,0,-2.99,1.28
8300296,0.00,0,-3.05,1.14
8350296,0.00,0,-3.09,0.49
8400296,0.00,0,-3.10,-0.39
8450299,0.00,0,-3.08,-1.13
8500299,0.00,0,-3.01,-1.43
8550299,0.00,0,-2.95,-1.16
8600301,0.00,0,-2.90,-0.44
8650302,0.00,0,-2.90,0.46
8700305,0.00,0,-2.94,1.18
8750308,0.00,0,-3.00,1.46
8800308,0.00,0,-3.07,1.20
8850309,0.00,0,-3.12,0.52
8900311,0.00,0,-3.13,-0.30
8950311,0.00,0,-3.10,-0.92
9000311,0.00,0,-3.05,-1.12
9050313,0.00,0,-3.00,-0.85
9100316,0.00,0,-2.97,-0.24
9150318,0.00,0,-2.97,0.45
9200318,0.00,0,-3.01,0.90
9250319,0.00,0,-3.05,0.97
9300319,0.00,0,-3.09,0.66
9350319,0.00,0,-3.10,0.03
9400322,0.00,0,-3.09,-0.64
9450325,0.00,0,-3.05,-1.09
9500329,0.00,0,-3.00,-1.16
9550332,0.00,0,-2.95,-0.87
9600332,0.00,0,-2.93,-0.27
9650332,0.00,0,-2.94,0.41
9700335,0.00,0,-2.98,0.88
9750336,0.00,0,-3.03,1.00
9800339,0.00,0,-3.07,0.74
9850342,0.00,0,-3.09,0.21
9900344,0.00,0,-3.09,-0.34
9950347,0.00,0,-3.07,-0.68
++++++++++++++++++++++++++++++++++++++++++++++++++++++
Enter a new pwm_in: Starting new process at pwm = -80
++++++++++++++++++++++++++++++++++++++++++++++++++++++
Reference PWM: -80
Sample Rate [ms]: 50
Step Time [ms]: 1000
Run Time [ms]: 5000
Data format: time_stamp_us,wheel_speed_rad_sec,command_pwm,pitch_rad,ang_vel_rad_s
-------------------------------------------------------
24,0.00,0,-3.06,0.00
50025,0.00,0,-3.06,0.02
100025,0.00,0,-3.06,0.02
150025,0.00,0,-3.07,0.02
200025,0.00,0,-3.07,0.01
250026,0.00,0,-3.07,0.00
300029,0.00,0,-3.07,-0.01
350030,0.00,0,-3.07,-0.01
400034,0.00,0,-3.07,0.00
450034,0.00,0,-3.07,0.01
500034,0.00,0,-3.07,0.01
550034,0.00,0,-3.07,0.01
600034,0.00,0,-3.07,-0.01
650034,0.00,0,-3.07,-0.02
700038,0.00,0,-3.07,-0.04
750038,0.00,0,-3.07,-0.04
800038,0.00,0,-3.06,-0.04
850038,0.00,0,-3.06,-0.03
900041,0.00,0,-3.06,-0.02
950042,0.00,0,-3.06,-0.01
1000042,0.00,-80,-3.06,-0.00
1050045,-16.06,-80,-3.10,2.15
1100047,-35.87,-80,3.06,3.32
1150047,-43.20,-80,2.92,2.03
1200048,-45.64,-80,2.87,-0.20
1250049,-47.30,-80,2.92,-2.42
1300053,-48.34,-80,3.07,-3.72
1350053,-49.04,-80,-3.03,-3.61
1400055,-49.30,-80,-2.88,-2.23
1450057,-49.91,-80,-2.82,0.06
1500059,-49.91,-80,-2.86,2.00
1550061,-49.91,-80,-2.99,3.27
1600062,-49.13,-80,3.14,3.07
1650064,-48.52,-80,3.01,1.54
1700067,-48.08,-80,2.98,-0.45
1750070,-47.82,-80,3.04,-2.37
1800072,-48.69,-80,-3.11,-3.34
1850074,-49.13,-80,-2.95,-3.03
1900076,-50.00,-80,-2.82,-1.65
1950079,-50.52,-80,-2.78,0.28
2000081,-50.70,-80,-2.83,1.95
2050081,-50.88,-80,-2.95,3.09
2100083,-50.61,-80,-3.10,2.98
2150085,-49.74,-80,3.06,1.66
2200085,-48.78,-80,3.02,-0.15
2250088,-49.13,-80,3.05,-1.62
2300091,-49.56,-80,-3.14,-2.48
2350095,-49.56,-80,-3.02,-2.13
2400096,-50.26,-80,-2.93,-1.34
2450096,-50.70,-80,-2.91,0.12
2500096,-50.44,-80,-2.96,1.51
2550098,-50.44,-80,-3.06,2.11
2600098,-49.74,-80,3.12,2.09
2650098,-49.22,-80,3.06,0.99
2700098,-49.31,-80,3.05,-0.51
2750101,-49.48,-80,3.12,-1.74
2800103,-49.57,-80,-3.06,-2.39
2850104,-50.09,-80,-2.95,-1.97
2900104,-50.18,-80,-2.88,-1.14
2950104,-50.18,-80,-2.86,0.23
3000107,-50.26,-80,-2.91,1.46
3050109,-50.00,-80,-2.99,1.95
3100111,-49.74,-80,-3.08,1.82
3150111,-49.31,-80,3.14,0.85
3200114,-49.04,-80,3.13,-0.16
3250117,-49.56,-80,-3.12,-1.07
3300117,-49.92,-80,-3.06,-1.44
3350118,-49.92,-80,-3.00,-1.04
3400120,-49.74,-80,-2.97,-0.36
3450120,-50.09,-80,-2.98,0.70
3500120,-50.44,-80,-3.04,1.47
3550122,-50.09,-80,-3.11,1.54
3600125,-49.91,-80,3.10,1.13
3650129,-49.21,-80,3.08,0.13
3700133,-49.13,-80,3.10,-0.60
3750135,-49.13,-80,-3.13,-1.26
3800135,-49.39,-80,-3.06,-1.67
3850135,-49.31,-80,-2.99,-1.36
3900135,-49.83,-80,-2.95,-0.42
3950135,-49.83,-80,-2.95,0.32
4000137,-49.57,-80,-2.99,0.97
4050139,-50.00,-80,-3.04,1.08
4100139,-49.83,-80,-3.09,0.75
4150142,-49.83,-80,-3.11,0.14
4200144,-49.65,-80,-3.09,-0.61
4250144,-49.48,-80,-3.05,-0.93
4300144,-49.65,-80,-3.00,-0.98
4350145,-50.00,-80,-2.97,-0.37
4400145,-49.92,-80,-2.98,0.27
4450148,-50.18,-80,-3.01,0.88
4500150,-49.91,-80,-3.06,1.25
4550153,-49.74,-80,-3.12,1.04
4600157,-49.39,-80,3.13,0.44
4650157,-49.31,-80,3.12,-0.14
4700157,-49.57,-80,-3.13,-0.74
4750160,-49.39,-80,-3.09,-1.06
4800163,-49.83,-80,-3.04,-0.83
4850163,-50.09,-80,-3.01,-0.48
4900164,-50.61,-80,-3.01,0.23
4950165,-50.53,-80,-3.03,0.49
5000165,-50.27,-80,-3.06,0.60
5050166,-50.44,-80,-3.08,0.34
5100166,-49.83,-80,-3.08,-0.16
5150167,-50.18,-80,-3.06,-0.46
5200167,-50.00,-80,-3.03,-0.82
5250170,-49.56,-80,-2.99,-0.72
5300170,-50.09,-80,-2.97,-0.23
5350173,-49.65,-80,-2.97,0.24
5400173,-49.65,-80,-3.00,0.58
5450176,-49.39,-80,-3.03,0.71
5500179,-49.39,-80,-3.07,0.83
5550182,-49.48,-80,-3.10,0.51
5600183,-49.57,-80,-3.11,0.09
5650185,-49.39,-80,-3.10,-0.35
5700186,-49.30,-80,-3.08,-0.61
5750190,-49.30,-80,-3.05,-0.42
5800193,-49.74,-80,-3.04,-0.16
5850194,-49.92,-80,-3.04,0.14
5900197,-50.09,-80,-3.06,0.44
5950201,-49.56,-80,-3.08,0.33
6000204,-48.87,0,-3.08,0.06
6050206,-31.85,0,-3.06,-1.58
6100208,-7.50,0,-2.88,-4.49
6150208,-1.66,0,-2.69,-3.15
6200208,-0.35,0,-2.61,-0.54
6250210,-0.09,0,-2.66,2.14
6300213,0.00,0,-2.83,4.16
6350215,0.00,0,-3.05,4.59
6400218,0.00,0,3.04,3.20
6450221,0.00,0,2.96,0.86
6500222,0.00,0,2.99,-1.61
6550224,0.00,0,3.12,-3.51
6600225,0.00,0,-2.97,-3.95
6650228,0.00,0,-2.81,-2.65
6700230,0.00,0,-2.75,-0.38
6750230,0.00,0,-2.80,2.02
6800233,0.00,0,-2.95,3.88
6850236,0.09,0,3.12,4.35
6900239,0.00,0,2.94,3.09
6950241,0.00,0,2.86,0.81
7000243,0.00,0,2.89,-1.67
7050247,0.00,0,3.04,-3.70
7100247,-0.09,0,-3.04,-4.49
7150247,0.00,0,-2.84,-3.59
7200250,0.00,0,-2.73,-1.57
7250252,0.00,0,-2.72,0.75
7300254,0.00,0,-2.81,2.71
7350254,0.09,0,-2.98,3.58
7400256,0.00,0,-3.14,2.92
7450257,0.00,0,3.05,1.17
7500259,0.00,0,3.06,-0.89
7550260,0.00,0,-3.13,-2.61
7600261,-0.09,0,-2.98,-3.27
7650265,0.00,0,-2.84,-2.51
7700265,0.00,0,-2.77,-0.74
7750268,0.00,0,-2.79,1.33
7800271,0.00,0,-2.91,3.06
7850271,0.09,0,-3.08,3.76
7900273,0.00,0,3.07,3.04
7950274,0.00,0,2.95,1.26
8000274,0.00,0,2.93,-0.84
8050276,0.00,0,3.01,-2.64
8100278,-0.09,0,-3.13,-3.51
8150279,0.00,0,-2.96,-3.04
8200282,0.00,0,-2.84,-1.55
8250282,0.00,0,-2.80,0.33
8300282,0.00,0,-2.85,1.94
8350282,0.00,0,-2.96,2.68
8400284,0.09,0,-3.09,2.21
8450285,0.00,0,3.12,0.82
8500286,0.00,0,3.11,-0.87
8550288,0.00,0,-3.11,-2.26
8600290,-0.09,0,-2.98,-2.77
8650292,0.00,0,-2.86,-2.13
8700294,0.00,0,-2.78,-0.64
8750295,0.00,0,-2.78,1.11
8800295,0.00,0,-2.87,2.54
8850295,0.00,0,-3.01,3.13
8900295,0.09,0,3.13,2.56
8950298,0.00,0,3.03,1.14
9000299,0.00,0,3.01,-0.57
9050299,0.00,0,3.07,-1.99
9100299,-0.09,0,-3.10,-2.60
9150303,0.00,0,-2.98,-2.18
9200306,0.00,0,-2.89,-1.26
9250307,0.00,0,-2.87,0.19
9300308,0.00,0,-2.92,1.46
9350308,0.09,0,-3.01,2.03
9400310,0.00,0,-3.10,1.66
9450311,0.00,0,3.13,0.53
9500314,0.00,0,-3.14,-0.86
9550317,0.00,0,-3.07,-1.99
9600318,-0.09,0,-2.96,-2.38
9650320,0.00,0,-2.86,-1.87
9700322,0.00,0,-2.80,-0.65
9750325,0.00,0,-2.81,0.80
9800329,0.00,0,-2.89,1.98
9850331,0.09,0,-3.00,2.46
9900331,0.00,0,-3.11,2.06
9950334,0.00,0,3.11,0.96
++++++++++++++++++++++++++++++++++++++++++++++++++++++
Enter a new pwm_in: Starting new process at pwm = -130
++++++++++++++++++++++++++++++++++++++++++++++++++++++
Reference PWM: -130
Sample Rate [ms]: 50
Step Time [ms]: 1000
Run Time [ms]: 5000
Data format: time_stamp_us,wheel_speed_rad_sec,command_pwm,pitch_rad,ang_vel_rad_s
-------------------------------------------------------
23,0.00,0,-3.07,-0.01
50023,0.00,0,-3.07,-0.01
100023,0.00,0,-3.07,-0.02
150025,0.00,0,-3.06,-0.02
200027,0.00,0,-3.06,-0.02
250027,0.00,0,-3.06,-0.03
300030,0.00,0,-3.06,-0.04
350030,0.00,0,-3.06,-0.04
400030,0.00,0,-3.06,-0.04
450033,0.00,0,-3.06,-0.03
500034,0.00,0,-3.06,-0.03
550036,0.00,0,-3.06,-0.01
600039,0.00,0,-3.06,0.00
650040,0.00,0,-3.06,0.01
700042,0.00,0,-3.06,0.02
750044,0.00,0,-3.06,0.02
800045,0.00,0,-3.06,0.02
850045,0.00,0,-3.06,0.02
900045,0.00,0,-3.06,0.01
950045,0.00,0,-3.06,0.02
1000045,0.00,-130,-3.06,0.01
1050047,-14.83,-130,-3.07,1.33
1100047,-47.04,-130,3.07,4.64
1150049,-62.22,-130,2.85,3.89
1200052,-70.25,-130,2.70,1.68
1250054,-74.35,-130,2.68,-1.35
1300056,-76.36,-130,2.79,-4.01
1350056,-77.84,-130,3.03,-5.73
1400057,-79.06,-130,-2.98,-4.85
1450057,-79.33,-130,-2.78,-2.85
1500058,-80.72,-130,-2.70,0.15
1550060,-80.89,-130,-2.77,3.03
1600060,-80.63,-130,-2.95,4.68
1650064,-80.10,-130,3.10,4.48
1700065,-79.41,-130,2.92,2.20
1750067,-77.49,-130,2.87,-0.70
1800068,-77.40,-130,2.96,-3.29
1850068,-78.89,-130,-3.13,-4.82
1900069,-79.32,-130,-2.90,-4.70
1950070,-79.15,-130,-2.70,-2.43
2000070,-79.59,-130,-2.62,-0.26
2050073,-80.02,-130,-2.68,2.67
2100076,-79.23,-130,-2.85,4.56
2150079,-79.15,-130,-3.08,4.73
2200081,-78.54,-130,3.00,3.61
2250083,-79.06,-130,2.88,1.47
2300083,-78.80,-130,2.88,-1.19
2350083,-78.80,-130,2.99,-2.92
2400083,-78.54,-130,-3.11,-3.94
2450083,-79.59,-130,-2.94,-3.20
2500086,-80.54,-130,-2.85,-1.07
2550087,-81.24,-130,-2.87,1.30
2600089,-81.07,-130,-2.98,2.85
2650092,-80.02,-130,3.14,3.51
2700094,-78.19,-130,3.00,2.36
2750095,-77.93,-130,2.94,0.47
2800095,-78.63,-130,2.98,-1.49
2850095,-78.28,-130,3.10,-3.27
2900096,-79.06,-130,-3.01,-3.53
2950096,-79.15,-130,-2.85,-2.96
3000099,-78.88,-130,-2.77,-1.01
3050102,-79.15,-130,-2.77,0.99
3100102,-79.85,-130,-2.87,2.59
3150102,-80.29,-130,-3.03,3.68
3200106,-79.41,-130,3.10,2.71
3250109,-78.45,-130,3.01,1.02
3300109,-78.02,-130,3.01,-0.87
3350111,-78.45,-130,3.09,-2.01
3400111,-78.98,-130,-3.08,-2.24
3450113,-79.50,-130,-2.98,-1.72
3500114,-80.20,-130,-2.94,-0.40
3550117,-79.32,-130,-2.96,1.04
3600117,-80.20,-130,-3.05,2.20
3650118,-79.59,-130,3.11,2.44
3700121,-79.32,-130,3.01,1.67
3750122,-79.59,-130,2.97,0.21
3800123,-79.15,-130,3.02,-1.53
3850124,-78.89,-130,3.12,-2.53
3900125,-78.89,-130,-3.02,-2.91
3950129,-79.41,-130,-2.90,-2.13
4000133,-79.93,-130,-2.84,-0.51
4050133,-79.94,-130,-2.86,0.89
4100134,-79.67,-130,-2.93,1.93
4150134,-80.20,-130,-3.04,2.30
4200137,-79.49,-130,-3.13,1.67
4250137,-79.06,-130,3.12,0.37
4300139,-78.27,-130,-3.14,-1.07
4350141,-78.89,-130,-3.08,-1.56
4400143,-78.97,-130,-3.00,-1.45
4450144,-79.50,-130,-2.95,-0.87
4500146,-79.32,-130,-2.95,0.26
4550148,-80.19,-130,-3.01,1.67
4600151,-79.06,-130,-3.10,1.77
4650151,-79.06,-130,3.09,1.71
4700152,-79.76,-130,3.02,1.10
4750153,-79.59,-130,3.01,-0.39
4800157,-78.71,-130,3.07,-1.65
4850157,-78.63,-130,-3.12,-2.18
4900160,-79.41,-130,-3.02,-1.75
4950163,-80.11,-130,-2.96,-0.81
5000164,-80.81,-130,-2.94,-0.22
5050165,-80.46,-130,-2.97,1.29
5100168,-79.84,-130,-3.02,1.21
5150169,-80.20,-130,-3.07,0.79
5200171,-79.93,-130,-3.10,0.18
5250171,-79.33,-130,-3.08,-0.67
5300172,-79.06,-130,-3.04,-1.10
5350174,-78.97,-130,-2.98,-1.19
5400176,-78.97,-130,-2.93,-1.01
5450176,-79.50,-130,-2.92,0.20
5500176,-80.29,-130,-2.96,1.35
5550179,-80.37,-130,-3.03,1.63
5600180,-79.76,-130,-3.11,1.63
5650181,-79.32,-130,3.11,0.98
5700183,-79.76,-130,3.09,0.17
5750187,-79.32,-130,3.11,-0.63
5800189,-79.58,-130,-3.13,-1.10
5850189,-79.50,-130,-3.08,-1.22
5900191,-78.97,-130,-3.03,-0.75
5950193,-79.23,-130,-3.01,-0.18
6000194,-79.76,0,-3.03,0.57
6050194,-65.10,0,-3.04,-0.58
6100194,-29.76,0,-2.91,-4.36
6150194,-7.59,0,-2.66,-4.78
6200194,-1.92,0,-2.50,-2.19
6250197,-0.70,0,-2.49,1.06
6300200,-0.17,0,-2.63,4.04
6350202,0.00,0,-2.89,5.86
6400206,0.09,0,3.12,5.27
6450208,0.00,0,2.93,2.88
6500209,0.00,0,2.88,-0.03
6550211,0.00,0,2.96,-2.84
6600212,0.00,0,-3.13,-4.72
6650215,-0.09,0,-2.90,-4.44
6700216,0.00,0,-2.74,-2.23
6750217,-0.09,0,-2.71,0.61
6800219,0.00,0,-2.83,3.35
6850222,0.00,0,-3.05,5.28
6900223,0.09,0,2.97,5.21
6950224,0.00,0,2.78,3.16
7000227,0.00,0,2.71,0.25
7050231,0.00,0,2.78,-2.71
7100233,0.00,0,2.99,-5.09
7150234,0.00,0,-3.02,-5.84
7200236,-0.09,0,-2.77,-4.44
7250236,0.00,0,-2.63,-1.84
7300238,0.00,0,-2.62,0.97
7350240,0.00,0,-2.74,3.38
7400240,0.00,0,-2.95,4.52
7450242,0.09,0,3.14,3.72
7500245,0.00,0,3.01,1.62
7550245,0.00,0,3.01,-0.84
7600247,0.00,0,3.11,-2.97
7650247,-0.09,0,-3.03,-3.93
7700247,0.00,0,-2.85,-3.07
7750249,0.00,0,-2.74,-0.94
7800252,0.00,0,-2.75,1.53
7850254,0.00,0,-2.87,3.69
7900257,0.00,0,-3.07,4.75
7950260,0.09,0,2.99,4.01
8000263,0.00,0,2.83,1.92
8050264,0.00,0,2.79,-0.66
8100266,0.00,0,2.87,-3.05
8150266,0.00,0,3.05,-4.53
8200268,-0.09,0,-3.01,-4.35
8250271,0.00,0,-2.82,-2.70
8300271,0.00,0,-2.74,-0.42
8350272,0.00,0,-2.76,1.77
8400275,0.00,0,-2.88,3.16
8450275,0.09,0,-3.04,3.24
8500275,0.00,0,3.12,1.72
8550278,0.00,0,3.07,0.15
8600282,0.00,0,3.12,-2.13
8650283,0.00,0,-3.03,-3.10
8700283,-0.09,0,-2.88,-3.10
8750284,0.00,0,-2.76,-1.74
8800288,0.00,0,-2.74,0.30
8850288,0.00,0,-2.81,2.35
8900290,0.00,0,-2.97,3.78
8950291,0.09,0,3.12,3.92
9000292,0.00,0,2.96,2.69
9050295,0.00,0,2.89,0.67
9100296,0.00,0,2.92,-1.44
9150298,0.00,0,3.04,-3.02
9200298,-0.09,0,-3.08,-3.45
9250300,0.00,0,-2.93,-2.62
9300301,0.00,0,-2.85,-0.97
9350301,0.00,0,-2.86,0.82
9400303,0.00,0,-2.94,2.12
9450303,0.09,0,-3.05,2.36
9500305,0.00,0,3.14,1.47
9550306,0.00,0,3.11,-0.08
9600309,0.00,0,-3.12,-1.68
9650311,0.00,0,-3.01,-2.74
9700314,-0.09,0,-2.87,-2.74
9750316,0.00,0,-2.77,-1.62
9800318,0.00,0,-2.74,0.10
9850321,0.00,0,-2.79,1.85
9900322,0.00,0,-2.92,3.07
9950322,0.09,0,-3.08,3.26
++++++++++++++++++++++++++++++++++++++++++++++++++++++
Enter a new pwm_in: Starting new process at pwm = -180
++++++++++++++++++++++++++++++++++++++++++++++++++++++
Reference PWM: -180
Sample Rate [ms]: 50
Step Time [ms]: 1000
Run Time [ms]: 5000
Data format: time_stamp_us,wheel_speed_rad_sec,command_pwm,pitch_rad,ang_vel_rad_s
-------------------------------------------------------
24,0.00,0,-3.06,-0.01
50025,0.00,0,-3.06,-0.01
100027,0.00,0,-3.06,-0.02
150028,0.00,0,-3.06,-0.03
200030,0.00,0,-3.06,-0.04
250032,0.00,0,-3.06,-0.05
300036,0.00,0,-3.06,-0.04
350036,0.00,0,-3.06,-0.03
400038,0.00,0,-3.06,-0.00
450041,0.00,0,-3.06,0.01
500042,0.00,0,-3.06,0.02
550042,0.00,0,-3.06,0.02
600045,0.00,0,-3.06,0.01
650047,0.00,0,-3.06,0.00
700047,0.00,0,-3.06,0.00
750048,0.00,0,-3.06,-0.00
800049,0.00,0,-3.06,0.00
850049,0.00,0,-3.06,0.01
900051,0.00,0,-3.06,0.01
950051,0.00,0,-3.06,0.01
1000052,0.00,-180,-3.06,-0.00
1050052,-12.83,-180,-3.08,1.06
1100054,-42.32,-180,3.07,3.94
1150056,-65.45,-180,2.85,4.48
1200056,-84.21,-180,2.66,3.35
1250057,-95.03,-180,2.57,0.52
1300060,-100.70,-180,2.61,-2.39
1350062,-103.41,-180,2.81,-5.21
1400064,-103.93,-180,3.13,-7.33
1450064,-105.94,-180,-2.85,-5.61
1500065,-106.29,-180,-2.68,-2.57
1550068,-108.03,-180,-2.65,1.17
1600070,-108.03,-180,-2.78,4.10
1650071,-107.07,-180,-3.02,5.51
1700071,-105.77,-180,3.02,4.55
1750075,-106.11,-180,2.85,2.40
1800075,-105.24,-180,2.83,-0.77
1850078,-105.24,-180,2.96,-3.73
1900081,-104.45,-180,-3.09,-5.70
1950082,-105.59,-180,-2.82,-4.86
2000082,-105.94,-180,-2.62,-2.75
2050084,-105.68,-180,-2.55,-0.59
2100087,-105.94,-180,-2.64,2.57
2150090,-106.20,-180,-2.85,5.11
2200091,-106.20,-180,-3.12,5.62
2250092,-106.46,-180,2.92,4.26
2300095,-106.46,-180,2.79,1.39
2350096,-105.50,-180,2.80,-1.44
2400098,-104.28,-180,2.96,-3.79
2450099,-104.80,-180,-3.10,-4.97
2500101,-105.15,-180,-2.90,-3.62
2550104,-105.50,-180,-2.79,-1.01
2600105,-105.94,-180,-2.80,1.65
2650105,-105.77,-180,-2.92,3.53
2700107,-106.02,-180,-3.12,3.99
2750110,-105.50,-180,2.98,3.10
2800111,-104.98,-180,2.90,0.86
2850114,-104.28,-180,2.93,-1.82
2900118,-105.23,-180,3.07,-3.77
2950118,-104.81,-180,-2.99,-4.90
3000118,-105.59,-180,-2.78,-3.91
3050118,-104.72,-180,-2.66,-2.09
3100120,-105.24,-180,-2.65,0.92
3150120,-106.03,-180,-2.77,3.50
3200120,-106.03,-180,-2.97,4.62
3250122,-105.15,-180,3.12,3.76
3300122,-103.93,-180,2.98,1.83
3350124,-104.89,-180,2.94,-0.13
3400125,-104.98,-180,3.01,-2.29
3450126,-104.63,-180,-3.14,-3.27
3500127,-104.28,-180,-2.97,-2.92
3550128,-106.11,-180,-2.87,-1.17
3600131,-105.94,-180,-2.87,0.63
3650133,-105.15,-180,-2.95,2.12
3700135,-105.15,-180,-3.09,3.04
3750138,-104.36,-180,3.05,2.73
3800139,-104.89,-180,2.97,0.92
3850139,-104.46,-180,2.97,-0.91
3900142,-103.75,-180,3.07,-2.64
3950144,-103.32,-180,-3.06,-3.70
4000144,-104.28,-180,-2.89,-3.20
4050146,-105.59,-180,-2.78,-1.57
4100146,-106.55,-180,-2.77,0.60
4150146,-106.99,-180,-2.83,2.11
4200148,-107.07,-180,-2.96,3.07
4250151,-107.24,-180,-3.10,2.87
4300154,-105.41,-180,3.10,0.95
4350155,-105.42,-180,3.09,-0.62
4400157,-105.59,-180,-3.14,-1.54
4450158,-105.85,-180,-3.05,-2.02
4500161,-105.94,-180,-2.96,-1.64
4550163,-106.55,-180,-2.91,-0.50
4600164,-105.42,-180,-2.94,0.71
4650167,-106.37,-180,-3.03,1.98
4700168,-107.07,-180,3.14,2.52
4750168,-106.29,-180,3.03,1.89
4800171,-105.41,-180,2.98,0.45
4850172,-105.59,-180,3.00,-1.13
4900176,-104.54,-180,3.09,-2.20
4950177,-104.19,-180,-3.06,-3.07
5000179,-104.98,-180,-2.94,-2.28
5050180,-105.42,-180,-2.87,-0.89
5100180,-105.24,-180,-2.87,0.30
5150183,-105.41,-180,-2.92,1.34
5200184,-105.50,-180,-3.01,1.76
5250185,-105.94,-180,-3.09,1.48
5300188,-105.32,-180,-3.13,0.36
5350190,-104.45,-180,-3.11,-0.92
5400190,-104.20,-180,-3.04,-1.83
5450193,-104.63,-180,-2.96,-1.58
5500195,-105.41,-180,-2.90,-0.79
5550196,-105.33,-180,-2.90,0.25
5600200,-104.97,-180,-2.95,1.30
5650203,-104.19,-180,-3.03,2.08
5700206,-104.45,-180,-3.13,1.92
5750207,-105.07,-180,3.07,1.55
5800211,-103.84,-180,3.04,0.18
5850211,-104.20,-180,3.06,-1.01
5900212,-103.93,-180,3.13,-1.68
5950215,-102.97,-180,-3.07,-1.53
6000215,-103.76,0,-2.99,-1.31
6050216,-92.68,0,-2.94,-1.11
6100219,-58.20,0,-2.85,-4.08
6150222,-23.47,0,-2.63,-5.03
6200224,-5.93,0,-2.41,-3.17
6250224,-1.31,0,-2.32,0.25
6300224,-0.09,0,-2.41,3.79
6350226,0.00,0,-2.65,6.74
6400226,0.00,0,-3.00,7.05
6450229,0.17,0,2.98,4.56
6500232,0.35,0,2.83,1.24
6550232,0.00,0,2.83,-2.08
6600232,0.00,0,2.99,-5.03
6650234,0.00,0,-3.02,-6.09
6700234,-0.09,0,-2.76,-4.68
6750234,0.00,0,-2.62,-0.89
6800237,0.00,0,-2.64,1.78
6850237,0.00,0,-2.82,5.39
6900237,0.00,0,-3.12,6.82
6950240,0.00,0,2.85,6.01
7000243,0.00,0,2.64,3.12
7050247,0.00,0,2.59,-0.33
7100249,0.00,0,2.71,-3.73
7150250,0.00,0,2.97,-6.50
7200254,0.00,0,-2.96,-7.22
7250254,0.00,0,-2.66,-5.19
7300256,0.00,0,-2.50,-2.03
7350259,0.00,0,-2.50,1.24
7400260,0.00,0,-2.65,4.12
7450261,0.00,0,-2.90,5.62
7500262,0.00,0,3.13,4.64
7550262,0.00,0,2.98,2.13
7600262,0.00,0,2.96,-0.76
7650263,0.00,0,3.07,-3.40
7700264,0.00,0,-3.00,-4.81
7750266,0.00,0,-2.79,-3.89
7800266,0.00,0,-2.67,-1.37
7850269,0.00,0,-2.69,1.53
7900271,0.00,0,-2.84,4.16
7950272,0.00,0,-3.09,5.70
8000275,0.00,0,2.92,5.09
8050275,0.00,0,2.74,2.72
8100275,0.00,0,2.70,-0.26
8150275,0.00,0,2.80,-3.19
8200275,0.00,0,3.02,-5.35
8250275,0.00,0,-2.98,-5.67
8300275,0.00,0,-2.75,-3.91
8350276,0.00,0,-2.64,-1.26
8400279,0.00,0,-2.66,1.45
8450279,0.00,0,-2.79,3.53
8500280,0.00,0,-2.99,4.07
8550284,0.00,0,3.13,2.78
8600288,0.00,0,3.06,0.57
8650288,0.00,0,3.10,-1.76
8700288,0.00,0,-3.05,-3.52
8750289,0.00,0,-2.86,-3.80
8800292,0.00,0,-2.72,-2.32
8850292,0.00,0,-2.68,0.07
8900293,0.00,0,-2.75,2.51
8950294,0.00,0,-2.93,4.39
9000297,0.00,0,3.12,4.82
9050299,0.00,0,2.92,3.52
9100302,0.00,0,2.82,1.22
9150302,0.00,0,2.83,-1.32
9200303,0.00,0,2.96,-3.44
9250306,0.00,0,-3.12,-4.36
9300306,0.00,0,-2.93,-3.62
9350310,0.00,0,-2.80,-1.76
9400313,0.00,0,-2.78,0.41
9450316,0.00,0,-2.85,2.22
9500316,0.00,0,-2.98,2.92
9550316,0.00,0,-3.11,2.17
9600319,0.00,0,3.11,0.48
9650320,0.00,0,-3.14,-1.44
9700323,0.00,0,-3.02,-2.94
9750327,0.00,0,-2.87,-3.34
9800330,0.00,0,-2.73,-2.31
9850333,0.00,0,-2.67,-0.37
9900336,0.00,0,-2.72,1.76
9950340,0.00,0,-2.86,3.46
++++++++++++++++++++++++++++++++++++++++++++++++++++++
Enter a new pwm_in: Starting new process at pwm = -255
++++++++++++++++++++++++++++++++++++++++++++++++++++++
Reference PWM: -255
Sample Rate [ms]: 50
Step Time [ms]: 1000
Run Time [ms]: 5000
Data format: time_stamp_us,wheel_speed_rad_sec,command_pwm,pitch_rad,ang_vel_rad_s
-------------------------------------------------------
24,0.00,0,-3.04,0.03
50027,0.00,0,-3.04,0.01
100027,0.00,0,-3.04,-0.00
150028,0.00,0,-3.04,-0.01
200029,0.00,0,-3.04,-0.00
250031,0.00,0,-3.04,0.02
300031,0.00,0,-3.04,0.03
350031,0.00,0,-3.05,0.03
400031,0.00,0,-3.05,0.03
450034,0.00,0,-3.05,-0.00
500037,0.00,0,-3.05,-0.03
550037,0.00,0,-3.05,-0.05
600038,0.00,0,-3.04,-0.06
650038,0.00,0,-3.04,-0.06
700038,0.00,0,-3.04,-0.04
750041,0.00,0,-3.04,-0.03
800041,0.00,0,-3.04,-0.01
850041,0.00,0,-3.04,-0.01
900044,0.00,0,-3.04,-0.01
950044,0.00,0,-3.04,-0.02
1000044,0.00,-255,-3.04,-0.03
1050045,-14.14,-255,-3.05,1.21
1100048,-40.31,-255,3.09,3.79
1150050,-61.69,-255,2.89,4.15
1200052,-79.67,-255,2.72,2.86
1250052,-97.13,-255,2.64,1.13
1300052,-112.05,-255,2.64,-0.96
1350054,-122.26,-255,2.76,-3.27
1400056,-124.18,-255,2.98,-5.30
1450058,-124.79,-255,-3.02,-6.00
1500060,-127.23,-255,-2.79,-3.84
1550061,-129.41,-255,-2.68,-1.63
1600063,-132.55,-255,-2.73,2.20
1650063,-135.96,-255,-2.92,4.65
1700066,-137.79,-255,3.11,4.95
1750066,-138.67,-255,2.91,2.93
1800067,-138.31,-255,2.85,0.01
1850067,-137.71,-255,2.94,-3.16
1900067,-138.14,-255,3.11,-4.93
1950069,-139.18,-255,-2.90,-6.18
2000071,-140.06,-255,-2.63,-3.99
2050073,-142.06,-255,-2.50,-0.79
2100075,-143.11,-255,-2.51,1.92
2150078,-143.54,-255,-2.67,4.92
2200080,-144.25,-255,-2.93,6.05
2250080,-143.90,-255,3.09,4.84
2300083,-141.45,-255,2.92,2.36
2350083,-141.02,-255,2.87,-0.68
2400087,-140.92,-255,2.96,-3.43
2450088,-141.02,-255,-3.13,-4.69
2500091,-141.10,-255,-2.92,-3.59
2550091,-142.59,-255,-2.78,-1.38
2600092,-143.81,-255,-2.78,1.18
2650096,-144.76,-255,-2.88,3.34
2700096,-144.78,-255,-3.07,4.06
2750096,-143.64,-255,3.03,2.76
2800098,-141.98,-255,2.93,0.41
2850100,-140.93,-255,2.95,-2.20
2900101,-140.06,-255,3.08,-4.18
2950104,-139.97,-255,-2.99,-4.96
3000108,-140.58,-255,-2.77,-3.96
3050111,-142.32,-255,-2.64,-1.34
3100111,-142.33,-255,-2.63,0.83
3150114,-143.37,-255,-2.73,3.93
3200115,-142.94,-255,-2.92,4.09
3250117,-142.33,-255,-3.11,3.61
3300119,-141.63,-255,3.04,1.82
3350119,-140.59,-255,3.01,-0.29
3400119,-140.85,-255,3.07,-1.83
3450119,-140.06,-255,-3.09,-2.97
3500119,-139.63,-255,-2.95,-2.71
3550119,-139.80,-255,-2.87,-0.55
3600119,-140.50,-255,-2.88,1.15
3650121,-141.28,-255,-2.98,2.90
3700123,-141.19,-255,-3.14,3.34
3750126,-141.10,-255,3.00,2.20
3800127,-139.71,-255,2.92,0.74
3850130,-139.79,-255,2.94,-0.76
3900134,-140.23,-255,3.06,-3.10
3950136,-140.06,-255,-3.06,-3.58
4000136,-140.50,-255,-2.89,-2.66
4050139,-141.89,-255,-2.79,-1.71
4100139,-142.94,-255,-2.77,0.60
4150141,-143.72,-255,-2.85,2.21
4200143,-143.63,-255,-2.98,2.41
4250147,-142.58,-255,-3.10,2.51
4300150,-142.06,-255,3.11,1.27
4350151,-141.37,-255,3.11,-0.66
4400154,-140.84,-255,-3.09,-1.75
4450155,-140.93,-255,-2.98,-2.72
4500158,-140.49,-255,-2.89,-1.31
4550160,-141.02,-255,-2.87,-0.31
4600161,-140.85,-255,-2.91,1.07
4650164,-141.10,-255,-3.02,2.74
4700166,-140.58,-255,3.12,3.29
4750166,-139.98,-255,2.99,1.68
4800169,-139.53,-255,2.95,0.25
4850173,-139.18,-255,2.98,-1.24
4900175,-138.40,-255,3.08,-2.86
4950178,-138.83,-255,-3.08,-1.92
5000181,-139.36,-255,-2.98,-1.64
5050181,-139.45,-255,-2.92,-0.77
5100181,-140.24,-255,-2.93,0.68
5150183,-140.93,-255,-3.00,1.97
5200184,-140.58,-255,-3.09,1.95
5250185,-140.85,-255,3.12,0.85
5300188,-139.88,-255,3.09,-0.25
5350188,-139.28,-255,-3.14,-2.23
5400188,-139.02,-255,-3.05,-2.43
5450191,-138.92,-255,-2.96,-2.16
5500191,-140.15,-255,-2.90,-1.13
5550191,-140.67,-255,-2.92,0.71
5600193,-141.02,-255,-3.00,1.64
5650195,-140.67,-255,-3.12,2.45
5700195,-139.98,-255,3.05,2.14
5750198,-140.23,-255,2.97,0.59
5800199,-139.01,-255,2.96,-0.59
5850199,-139.28,-255,3.01,-1.69
5900200,-139.01,-255,3.09,-1.87
5950203,-139.88,-255,-3.11,-1.37
6000203,-140.50,0,-3.05,-1.01
6050203,-127.76,0,-3.03,-0.79
6100204,-96.43,0,-2.93,-2.73
6150208,-58.90,0,-2.71,-4.83
6200209,-22.60,0,-2.46,-5.16
6250209,-5.76,0,-2.27,-2.70
6300212,-1.75,0,-2.24,1.03
6350212,-0.52,0,-2.41,4.89
6400214,-0.17,0,-2.74,8.03
6450215,0.09,0,3.14,7.98
6500218,0.09,0,2.83,5.02
6550220,0.09,0,2.69,1.47
6600223,0.26,0,2.72,-2.18
6650225,0.00,0,2.92,-5.50
6700229,0.00,0,-3.05,-6.91
6750232,-0.17,0,-2.77,-4.75
6800235,0.00,0,-2.65,-1.24
6850237,0.00,0,-2.69,2.29
6900238,0.00,0,-2.90,5.55
6950241,0.00,0,3.05,7.63
7000242,0.09,0,2.70,6.50
7050242,0.09,0,2.48,3.24
7100242,0.26,0,2.44,-0.49
7150242,0.17,0,2.57,-4.17
7200242,0.00,0,2.87,-7.28
7250242,-0.17,0,-3.01,-8.34
7300246,-0.09,0,-2.66,-6.19
7350247,0.00,0,-2.45,-2.74
7400248,0.00,0,-2.42,0.82
7450250,0.00,0,-2.56,4.13
7500251,0.00,0,-2.83,6.38
7550253,0.09,0,3.14,5.94
7600253,0.09,0,2.91,3.44
7650255,0.00,0,2.83,0.33
7700256,0.00,0,2.90,-2.74
7750257,0.00,0,3.10,-4.97
7800259,-0.09,0,-2.94,-4.86
7850261,0.00,0,-2.77,-2.48
7900263,0.00,0,-2.74,0.57
7950265,0.00,0,-2.86,3.52
8000268,0.00,0,-3.10,5.76
8050270,0.00,0,2.89,6.02
8100271,0.09,0,2.66,3.94
8150272,0.00,0,2.56,0.86
8200272,0.00,0,2.62,-2.41
8250272,0.00,0,2.83,-5.30
8300275,0.00,0,-3.14,-6.76
8350276,-0.09,0,-2.83,-5.67
8400278,0.00,0,-2.63,-2.98
8450279,0.00,0,-2.57,0.07
8500280,0.00,0,-2.66,2.88
8550281,0.00,0,-2.81,4.67
8600281,0.00,0,-3.05,4.43
8650284,0.09,0,3.05,2.50
8700287,0.00,0,2.97,-0.03
8750289,0.00,0,3.02,-2.47
8800289,0.00,0,-3.12,-4.00
8850289,-0.09,0,-2.93,-3.61
8900289,0.00,0,-2.79,-1.55
8950290,0.00,0,-2.77,1.07
9000291,0.00,0,-2.87,3.53
9050293,0.00,0,-3.08,5.10
9100294,0.00,0,2.96,4.88
9150297,0.09,0,2.76,2.96
9200298,0.00,0,2.67,0.29
9250302,0.00,0,2.72,-2.43
9300305,0.00,0,2.89,-4.55
9350305,-0.09,0,3.13,-5.16
9400308,0.00,0,-2.92,-3.91
9450310,0.00,0,-2.77,-1.64
9500313,0.00,0,-2.73,0.80
9550314,0.00,0,-2.81,2.74
9600316,0.00,0,-2.97,3.36
9650319,0.00,0,-3.12,2.42
9700320,0.00,0,3.08,0.54
9750323,0.00,0,3.08,-1.49
9800325,0.00,0,-3.10,-3.04
9850326,0.00,0,-2.95,-3.32
9900327,0.00,0,-2.81,-2.41
9950330,0.00,0,-2.75,-0.38
++++++++++++++++++++++++++++++++++++++++++++++++++++++
Enter a new pwm_in: Starting new process at pwm = 100
++++++++++++++++++++++++++++++++++++++++++++++++++++++
Reference PWM: 100
Sample Rate [ms]: 50
Step Time [ms]: 1000
Run Time [ms]: 5000
Data format: time_stamp_us,wheel_speed_rad_sec,command_pwm,pitch_rad,ang_vel_rad_s
-------------------------------------------------------
24,0.00,0,-3.04,-0.04
50026,0.00,0,-3.03,-0.05
100028,0.00,0,-3.03,-0.05
150031,0.00,0,-3.03,-0.03
200033,0.00,0,-3.03,-0.00
250034,0.00,0,-3.03,0.03
300034,0.00,0,-3.03,0.05
350036,0.00,0,-3.04,0.06
400040,0.00,0,-3.04,0.06
450040,0.00,0,-3.04,0.05
500040,0.00,0,-3.05,0.03
550042,0.00,0,-3.05,0.01
600042,0.00,0,-3.05,0.00
650042,0.00,0,-3.05,-0.00
700042,0.00,0,-3.05,-0.01
750044,0.00,0,-3.05,-0.01
800044,0.00,0,-3.05,-0.02
850044,0.00,0,-3.05,-0.04
900047,0.00,0,-3.05,-0.06
950051,0.00,0,-3.04,-0.07
1000054,0.00,100,-3.04,-0.08
1050055,19.29,100,-3.01,-2.07
1100057,42.58,100,-2.83,-3.97
1150060,51.66,100,-2.67,-2.77
1200062,55.41,100,-2.61,-0.25
1250066,55.76,100,-2.67,2.63
1300067,57.07,100,-2.85,4.33
1350067,58.73,100,-3.07,4.59
1400068,59.60,100,3.03,2.97
1450069,59.51,100,2.96,0.54
1500070,59.25,100,3.00,-1.65
1550072,59.34,100,-3.14,-3.48
1600074,58.82,100,-2.95,-4.13
1650075,57.94,100,-2.80,-2.35
1700077,57.77,100,-2.74,-0.20
1750077,57.86,100,-2.80,1.84
1800077,57.94,100,-2.95,3.74
1850078,58.29,100,-3.14,3.68
1900080,59.16,100,2.99,2.67
1950082,58.47,100,2.92,0.34
2000083,58.82,100,2.97,-2.27
2050085,58.99,100,3.11,-3.65
2100085,58.03,100,-2.98,-3.77
2150086,58.12,100,-2.82,-2.99
2200089,57.51,100,-2.73,-1.03
2250093,57.42,100,-2.74,1.14
2300093,56.90,100,-2.83,2.65
2350094,57.59,100,-2.97,3.28
2400096,57.94,100,-3.10,1.97
2450098,58.73,100,3.11,0.48
2500101,58.73,100,3.14,-1.27
2550103,58.99,100,-3.04,-2.73
2600107,58.81,100,-2.93,-2.78
2650110,57.51,100,-2.82,-1.39
2700112,57.68,100,-2.78,0.19
2750114,57.24,100,-2.82,1.77
2800114,57.68,100,-2.94,2.98
2850116,57.51,100,-3.09,3.04
2900117,58.47,100,3.07,2.05
2950121,58.81,100,3.02,0.62
3000124,59.51,100,3.04,-1.47
3050127,59.34,100,3.14,-2.60
3100129,59.51,100,-3.01,-2.84
3150129,58.64,100,-2.90,-1.97
3200130,57.33,100,-2.85,-0.25
3250132,57.42,100,-2.87,1.07
3300135,57.51,100,-2.94,1.95
3350136,58.12,100,-3.04,1.82
3400140,58.03,100,-3.10,1.02
3450143,58.55,100,-3.11,-0.21
3500143,58.12,100,-3.06,-1.38
3550143,57.68,100,-2.98,-2.09
3600143,58.29,100,-2.88,-1.90
3650144,58.12,100,-2.82,-0.94
3700147,57.68,100,-2.81,0.59
3750148,57.33,100,-2.87,1.58
3800149,58.47,100,-2.97,2.19
3850152,58.64,100,-3.07,2.00
3900153,59.08,100,-3.13,0.99
3950156,59.16,100,3.13,0.05
4000159,59.25,100,-3.12,-1.22
4050159,58.21,100,-3.04,-1.42
4100159,57.94,100,-2.98,-1.33
4150159,57.25,100,-2.94,-0.38
4200162,57.42,100,-2.94,0.32
4250163,57.94,100,-2.97,0.99
4300164,58.12,100,-3.02,1.23
4350165,58.38,100,-3.06,0.70
4400165,57.86,100,-3.08,0.25
4450165,58.21,100,-3.06,-0.88
4500165,58.56,100,-3.01,-1.28
4550165,58.03,100,-2.93,-1.61
4600166,58.03,100,-2.88,-1.05
4650167,57.42,100,-2.85,-0.43
4700167,56.99,100,-2.87,0.82
4750167,57.33,100,-2.93,1.49
4800167,58.03,100,-2.99,1.12
4850167,57.60,100,-3.03,0.75
4900169,58.12,100,-3.06,0.22
4950169,57.77,100,-3.05,-0.23
5000171,58.12,100,-3.02,-0.74
5050172,57.33,100,-2.99,-0.62
5100174,58.64,100,-2.98,-0.16
5150174,58.03,100,-2.98,0.17
5200174,57.94,100,-3.00,0.55
5250174,57.77,100,-3.03,0.93
5300174,58.38,100,-3.07,0.49
5350176,58.64,100,-3.08,0.10
5400179,58.29,100,-3.07,-0.73
5450179,58.38,100,-3.02,-0.88
5500179,57.60,100,-2.97,-1.28
5550180,58.21,100,-2.93,-0.86
5600180,57.77,100,-2.90,-0.40
5650183,58.38,100,-2.89,0.06
5700187,58.46,100,-2.90,0.41
5750187,58.21,100,-2.94,0.80
5800187,57.86,100,-2.97,0.85
5850187,57.77,100,-2.99,0.30
5900189,57.68,100,-2.99,-0.19
5950192,57.42,100,-2.97,-0.64
6000192,57.68,0,-2.95,-0.53
6050192,38.48,0,-2.97,1.77
6100196,10.12,0,3.12,4.70
6150198,2.27,0,2.92,3.46
6200199,0.26,0,2.83,0.78
6250199,0.00,0,2.88,-2.09
6300200,0.00,0,3.05,-4.36
6350200,-0.09,0,-3.00,-5.03
6400203,-0.09,0,-2.78,-3.65
6450207,0.00,0,-2.68,-1.22
6500207,0.00,0,-2.69,1.40
6550209,0.00,0,-2.83,3.52
6600210,0.00,0,-3.02,4.17
6650214,0.09,0,3.09,2.90
6700218,0.00,0,3.01,0.57
6750221,0.00,0,3.06,-1.96
6800222,0.00,0,-3.07,-3.99
6850222,0.00,0,-2.85,-4.66
6900222,-0.09,0,-2.65,-3.45
6950222,0.00,0,-2.55,-1.10
7000223,0.00,0,-2.57,1.51
7050226,0.00,0,-2.71,3.76
7100228,0.00,0,-2.93,4.84
7150228,0.09,0,3.13,4.09
7200232,0.00,0,2.99,2.04
7250232,0.00,0,2.96,-0.44
7300232,0.00,0,3.05,-2.65
7350232,0.00,0,-3.07,-3.82
7400235,0.00,0,-2.89,-3.35
7450236,-0.09,0,-2.77,-1.63
7500239,0.00,0,-2.76,0.54
7550242,0.00,0,-2.84,2.46
7600245,0.00,0,-2.99,3.40
7650248,0.00,0,3.14,2.80
7700248,0.09,0,3.05,1.02
7750251,0.00,0,3.07,-1.16
7800254,0.00,0,-3.10,-3.08
7850255,0.00,0,-2.92,-4.01
7900258,0.00,0,-2.74,-3.41
7950262,-0.09,0,-2.62,-1.66
8000264,0.00,0,-2.60,0.54
8050265,0.00,0,-2.69,2.54
8100266,0.00,0,-2.86,3.71
8150269,0.00,0,-3.03,3.48
8200271,0.09,0,3.12,2.02
8250275,0.00,0,3.08,0.04
8300275,0.00,0,3.13,-1.78
8350275,0.00,0,-3.03,-2.80
8400275,0.00,0,-2.90,-2.54
8450275,0.00,0,-2.81,-1.21
8500275,-0.09,0,-2.80,0.56
8550277,0.00,0,-2.88,2.14
8600279,0.00,0,-3.01,2.89
8650281,0.00,0,-3.14,2.40
8700282,0.00,0,3.07,0.93
8750284,0.09,0,3.08,-0.94
8800284,0.00,0,-3.11,-2.58
8850288,0.00,0,-2.96,-3.39
8900288,0.00,0,-2.80,-2.97
8950288,0.00,0,-2.69,-1.57
9000290,-0.09,0,-2.67,0.24
9050290,0.00,0,-2.73,1.87
9100292,0.00,0,-2.86,2.76
9150295,0.00,0,-2.99,2.55
9200297,0.00,0,-3.08,1.39
9250300,0.00,0,-3.10,-0.17
9300303,0.00,0,-3.05,-1.53
9350305,0.00,0,-2.96,-2.16
9400305,0.00,0,-2.86,-1.76
9450305,0.00,0,-2.81,-0.57
9500308,0.00,0,-2.81,0.63
9550309,0.00,0,-2.87,1.93
9600312,0.00,0,-2.98,2.54
9650314,0.00,0,-3.10,2.17
9700316,0.00,0,3.10,0.95
9750318,0.00,0,3.09,-0.63
9800321,0.00,0,-3.14,-2.01
9850321,0.00,0,-3.02,-2.71
9900323,0.00,0,-2.89,-2.45
9950325,0.00,0,-2.79,-1.38
++++++++++++++++++++++++++++++++++++++++++++++++++++++
Enter a new pwm_in: Starting new process at pwm = 160
++++++++++++++++++++++++++++++++++++++++++++++++++++++
Reference PWM: 160
Sample Rate [ms]: 50
Step Time [ms]: 1000
Run Time [ms]: 5000
Data format: time_stamp_us,wheel_speed_rad_sec,command_pwm,pitch_rad,ang_vel_rad_s
-------------------------------------------------------
24,0.00,0,-3.04,-0.06
50027,0.00,0,-3.03,-0.07
100027,0.00,0,-3.03,-0.08
150029,0.00,0,-3.03,-0.08
200032,0.00,0,-3.03,-0.06
250035,0.00,0,-3.03,-0.01
300038,0.00,0,-3.03,0.04
350041,0.00,0,-3.03,0.09
400041,0.00,0,-3.04,0.13
450044,0.00,0,-3.05,0.13
500048,0.00,0,-3.05,0.11
550051,0.00,0,-3.06,0.07
600052,0.00,0,-3.06,0.03
650055,0.00,0,-3.06,0.00
700058,0.00,0,-3.06,-0.02
750061,0.00,0,-3.06,-0.02
800061,0.00,0,-3.06,-0.02
850061,0.00,0,-3.06,-0.03
900061,0.00,0,-3.05,-0.05
950062,0.00,0,-3.05,-0.08
1000062,0.00,160,-3.05,-0.11
1050062,14.14,160,-3.01,-1.97
1100066,42.58,160,-2.83,-4.38
1150069,59.25,160,-2.67,-3.35
1200072,66.41,160,-2.53,-1.06
1250073,73.13,160,-2.53,1.34
1300076,79.76,160,-2.63,3.81
1350079,84.29,160,-2.84,4.99
1400082,89.18,160,-3.07,3.93
1450084,93.20,160,3.06,2.20
1500084,95.56,160,3.01,-0.61
1550085,97.56,160,3.08,-2.60
1600085,98.79,160,-3.06,-3.91
1650086,99.05,160,-2.88,-2.66
1700086,98.70,160,-2.77,-0.54
1750088,97.82,160,-2.77,0.47
1800091,96.95,160,-2.88,3.59
1850092,97.91,160,-3.07,4.04
1900095,98.61,160,3.03,3.55
1950098,99.57,160,2.91,1.87
2000101,100.52,160,2.89,-0.76
2050102,100.97,160,2.99,-3.19
2100102,100.71,160,-3.12,-3.72
2150102,100.44,160,-2.93,-4.02
2200104,99.92,160,-2.80,-2.38
2250106,98.26,160,-2.76,-0.28
2300106,98.26,160,-2.83,2.34
2350108,98.43,160,-2.96,2.92
2400110,99.31,160,-3.09,2.41
2450110,100.53,160,3.11,1.17
2500112,101.05,160,3.11,-0.32
2550115,101.48,160,-3.09,-2.15
2600116,101.05,160,-2.96,-2.61
2650118,100.09,160,-2.85,-1.65
2700118,98.70,160,-2.80,-0.47
2750121,97.99,160,-2.83,1.21
2800121,98.09,160,-2.93,2.58
2850124,98.17,160,-3.07,3.02
2900127,98.34,160,3.09,2.17
2950127,99.31,160,3.01,0.76
3000127,100.01,160,3.02,-0.93
3050128,100.18,160,3.09,-2.04
3100132,99.82,160,-3.08,-2.28
3150133,99.48,160,-2.96,-2.05
3200134,98.78,160,-2.91,-0.57
3250135,98.00,160,-2.93,0.69
3300138,97.38,160,-2.99,1.91
3350139,98.09,160,-3.07,1.44
3400140,98.87,160,-3.12,0.74
3450140,99.05,160,-3.12,-0.88
3500142,99.31,160,-3.06,-1.64
3550145,99.39,160,-2.97,-1.93
3600145,99.83,160,-2.87,-1.88
3650146,99.31,160,-2.80,-1.03
3700147,98.35,160,-2.79,0.15
3750147,98.00,160,-2.85,1.62
3800147,99.05,160,-2.95,2.29
3850148,100.62,160,-3.04,1.79
3900149,99.92,160,-3.10,0.97
3950149,99.83,160,-3.13,-0.13
4000149,100.01,160,-3.11,-0.76
4050153,99.39,160,-3.06,-0.81
4100153,99.92,160,-3.01,-1.21
4150155,99.48,160,-2.97,-0.57
4200156,99.66,160,-2.96,0.18
4250160,99.65,160,-2.99,1.08
4300160,99.92,160,-3.04,0.82
4350160,100.71,160,-3.07,0.54
4400160,100.53,160,-3.08,0.01
4450160,100.62,160,-3.06,-1.20
4500160,100.44,160,-3.00,-1.22
4550164,100.87,160,-2.93,-0.90
4600167,100.00,160,-2.87,-1.43
4650167,99.75,160,-2.83,-0.43
4700168,99.05,160,-2.83,0.41
4750168,98.52,160,-2.86,0.73
4800168,98.17,160,-2.91,1.53
4850170,98.69,160,-2.97,0.89
4900170,98.52,160,-3.01,0.47
4950170,98.70,160,-3.01,-0.16
5000170,98.96,160,-2.98,-0.57
5050173,99.30,160,-2.96,-0.68
5100175,99.83,160,-2.93,-0.32
5150175,99.31,160,-2.93,0.14
5200177,98.78,160,-2.96,0.90
5250178,98.96,160,-3.01,1.01
5300178,99.22,160,-3.07,0.88
5350181,99.48,160,-3.10,0.24
5400184,100.00,160,-3.10,-0.28
5450188,100.17,160,-3.05,-0.90
5500188,99.92,160,-2.99,-1.40
5550191,100.00,160,-2.94,-1.13
5600194,100.00,160,-2.90,-0.42
5650195,99.31,160,-2.89,-0.08
5700196,98.70,160,-2.91,0.78
5750197,98.70,160,-2.94,0.72
5800198,99.39,160,-2.96,0.33
5850199,99.05,160,-2.97,0.41
5900200,99.05,160,-2.98,-0.14
5950201,98.87,160,-2.95,-0.20
6000202,98.61,0,-2.92,-0.35
6050204,66.84,0,-2.93,2.48
6100204,20.59,0,3.05,7.65
6150204,5.15,0,2.71,6.09
6200204,1.48,0,2.52,2.50
6250204,0.61,0,2.51,-1.46
6300207,0.35,0,2.70,-5.29
6350207,0.00,0,3.04,-8.20
6400207,-0.26,0,-2.84,-7.79
6450207,-0.17,0,-2.55,-4.54
6500207,0.00,0,-2.44,-0.89
6550209,0.00,0,-2.50,2.75
6600211,0.00,0,-2.73,6.04
6650213,0.17,0,-3.07,7.03
6700213,0.09,0,2.94,4.61
6750213,0.00,0,2.81,1.12
6800214,0.00,0,2.86,-2.43
6850216,0.00,0,3.08,-5.68
6900217,-0.09,0,-2.87,-7.62
6950218,-0.09,0,-2.59,-6.30
7000220,-0.09,0,-2.34,-2.94
7050222,0.00,0,-2.27,0.75
7100224,0.00,0,-2.42,4.32
7150227,0.00,0,-2.72,7.36
7200230,0.17,0,-3.11,7.97
7250234,0.09,0,2.85,5.52
7300237,0.00,0,2.71,2.03
7350239,0.00,0,2.68,-1.55
7400242,0.00,0,2.82,-4.81
7450244,-0.09,0,3.10,-6.71
7500244,-0.09,0,-2.87,-5.75
7550244,0.00,0,-2.64,-2.96
7600246,0.00,0,-2.56,-0.39
7650246,0.00,0,-2.64,3.33
7700250,0.00,0,-2.84,5.43
7750251,0.09,0,-3.11,4.95
7800254,0.00,0,2.98,2.39
7850254,0.00,0,2.92,-0.72
7900257,0.00,0,3.02,-3.15
7950257,0.00,0,-3.04,-5.60
8000258,-0.09,0,-2.74,-6.13
8050262,0.00,0,-2.49,-4.20
8100263,0.00,0,-2.38,-1.12
8150266,0.00,0,-2.42,2.11
8200269,0.00,0,-2.61,5.02
8250272,0.09,0,-2.90,6.59
8300275,0.00,0,3.08,5.62
8350276,0.00,0,2.88,2.95
8400276,0.00,0,2.83,-0.17
8450279,0.00,0,2.93,-3.10
8500279,0.00,0,3.14,-5.01
8550281,-0.09,0,-2.90,-4.81
8600283,0.00,0,-2.72,-2.77
8650285,0.00,0,-2.67,-0.07
8700287,0.00,0,-2.74,2.53
8750289,0.00,0,-2.92,4.29
8800289,0.09,0,-3.13,4.08
8850291,0.00,0,3.01,2.07
8900293,0.00,0,2.99,-0.63
8950294,0.00,0,3.10,-3.24
9000297,0.00,0,-2.97,-5.08
9050298,-0.09,0,-2.72,-5.06
9100301,0.00,0,-2.52,-3.15
9150302,0.00,0,-2.45,-0.43
9200304,0.00,0,-2.51,2.34
9250306,0.00,0,-2.69,4.55
9300308,0.09,0,-2.94,5.26
9350309,0.00,0,3.12,3.99
9400309,0.00,0,3.00,1.59
9450309,0.00,0,3.00,-1.03
9500310,0.00,0,3.11,-3.16
9550312,-0.09,0,-2.99,-3.96
9600312,0.00,0,-2.82,-2.96
9650315,0.00,0,-2.74,-0.90
9700315,0.00,0,-2.76,1.38
9750317,0.00,0,-2.88,3.20
9800318,0.09,0,-3.06,3.73
9850321,0.00,0,3.07,2.59
9900323,0.00,0,3.01,0.41
9950326,0.00,0,3.06,-1.97
++++++++++++++++++++++++++++++++++++++++++++++++++++++
Enter a new pwm_in: Starting new process at pwm = 220
++++++++++++++++++++++++++++++++++++++++++++++++++++++
Reference PWM: 220
Sample Rate [ms]: 50
Step Time [ms]: 1000
Run Time [ms]: 5000
Data format: time_stamp_us,wheel_speed_rad_sec,command_pwm,pitch_rad,ang_vel_rad_s
-------------------------------------------------------
24,0.00,0,-3.04,0.03
50025,0.00,0,-3.04,0.04
100028,0.00,0,-3.05,0.03
150031,0.00,0,-3.05,0.01
200034,0.00,0,-3.05,-0.03
250034,0.00,0,-3.05,-0.05
300036,0.00,0,-3.05,-0.06
350038,0.00,0,-3.04,-0.05
400040,0.00,0,-3.04,-0.03
450042,0.00,0,-3.04,-0.00
500044,0.00,0,-3.04,0.01
550047,0.00,0,-3.04,0.01
600049,0.00,0,-3.04,-0.01
650051,0.00,0,-3.04,-0.02
700053,0.00,0,-3.04,-0.03
750055,0.00,0,-3.04,-0.03
800058,0.00,0,-3.04,-0.02
850059,0.00,0,-3.04,0.01
900060,0.00,0,-3.04,0.03
950062,0.00,0,-3.04,0.04
1000066,0.00,220,-3.05,0.03
1050068,13.79,220,-3.04,-1.50
1100071,40.75,220,-2.91,-4.07
1150073,59.08,220,-2.71,-3.91
1200075,71.90,220,-2.56,-1.85
1250075,84.30,220,-2.50,0.13
1300079,95.64,220,-2.54,1.54
1350082,104.10,220,-2.68,3.84
1400083,112.05,220,-2.90,4.81
1450083,116.85,220,-3.08,3.75
1500083,120.60,220,3.08,1.66
1550085,122.60,220,3.06,-0.64
1600086,123.65,220,-3.12,-2.59
1650089,123.74,220,-2.97,-2.91
1700092,123.21,220,-2.84,-2.32
1750094,122.43,220,-2.78,-0.53
1800095,121.39,220,-2.80,1.61
1850096,121.04,220,-2.93,2.93
1900097,121.73,220,-3.11,3.83
1950100,122.17,220,3.04,2.30
2000103,123.47,220,2.95,1.07
2050105,124.26,220,2.97,-1.45
2100109,123.65,220,3.08,-3.20
2150111,123.04,220,-3.04,-3.34
2200111,122.70,220,-2.89,-2.97
2250114,121.73,220,-2.79,-1.18
2300117,121.21,220,-2.78,0.71
2350121,120.85,220,-2.85,1.99
2400122,122.00,220,-2.95,1.97
2450122,122.35,220,-3.05,1.89
2500125,122.51,220,-3.10,0.31
2550128,122.34,220,-3.08,-0.98
2600130,122.43,220,-2.99,-2.02
2650133,121.90,220,-2.87,-1.63
2700134,121.73,220,-2.78,-1.41
2750134,121.65,220,-2.75,0.29
2800136,121.21,220,-2.81,1.69
2850139,120.94,220,-2.90,3.02
2900141,121.38,220,-3.03,2.72
2950141,122.09,220,-3.14,1.74
3000141,122.52,220,3.07,1.12
3050144,122.78,220,3.08,-0.16
3100148,123.47,220,3.13,-1.39
3150150,123.04,220,-3.06,-2.07
3200152,122.60,220,-2.97,-1.59
3250154,121.99,220,-2.92,-0.06
3300156,121.56,220,-2.95,1.30
3350159,121.12,220,-3.02,1.63
3400159,121.74,220,-3.09,1.21
3450161,122.08,220,-3.14,1.06
3500161,121.91,220,-3.13,-0.39
3550164,121.55,220,-3.08,-1.13
3600165,121.56,220,-3.00,-2.15
3650166,121.65,220,-2.91,-2.11
3700167,121.47,220,-2.85,-0.95
3750169,120.68,220,-2.84,0.22
3800170,120.51,220,-2.89,1.27
3850172,120.60,220,-2.98,1.63
3900173,121.73,220,-3.06,0.90
3950175,122.95,220,-3.11,0.82
4000179,123.04,220,-3.14,-0.33
4050180,122.69,220,-3.12,-0.70
4100182,122.95,220,-3.08,-0.99
4150183,122.17,220,-3.03,-1.17
4200187,121.47,220,-3.00,-0.10
4250188,121.73,220,-3.02,0.62
4300190,121.56,220,-3.07,1.03
4350191,122.43,220,-3.11,0.56
4400192,122.87,220,-3.14,0.38
4450195,122.86,220,-3.14,-0.46
4500197,122.87,220,-3.12,-0.61
4550197,123.22,220,-3.05,-1.50
4600200,122.86,220,-2.99,-0.88
4650200,122.78,220,-2.95,-0.81
4700200,122.78,220,-2.92,0.37
4750203,121.99,220,-2.93,0.85
4800207,121.47,220,-2.97,0.97
4850210,121.64,220,-2.99,0.45
4900210,121.39,220,-3.03,0.52
4950213,121.55,220,-3.05,0.30
5000216,121.82,220,-3.03,-0.27
5050217,121.91,220,-3.02,-0.05
5100221,121.73,220,-3.01,-0.34
5150222,121.91,220,-3.00,0.12
5200225,121.99,220,-3.01,0.53
5250226,122.26,220,-3.05,1.19
5300230,122.16,220,-3.10,1.40
5350234,121.73,220,-3.14,0.76
5400234,121.65,220,3.13,0.53
5450236,121.30,220,-3.13,-0.35
5500238,121.64,220,-3.10,-0.72
5550241,121.82,220,-3.04,-1.28
5600245,121.20,220,-2.97,-1.30
5650247,121.38,220,-2.93,-0.48
5700250,121.03,220,-2.91,-0.05
5750251,121.30,220,-2.92,0.25
5800252,121.65,220,-2.93,0.02
5850253,121.21,220,-2.97,0.42
5900256,121.55,220,-2.99,0.06
5950260,122.34,220,-2.98,-0.57
6000260,122.78,0,-2.97,-0.41
6050261,91.37,0,-3.01,3.25
6100263,36.56,0,2.96,8.03
6150264,9.95,0,2.58,6.82
6200264,2.53,0,2.35,3.24
6250264,0.61,0,2.30,-0.77
6300265,0.44,0,2.46,-4.90
6350266,0.09,0,2.81,-8.65
6400268,-0.26,0,-3.01,-9.53
6450269,-0.09,0,-2.70,-6.36
6500271,0.00,0,-2.47,-2.47
6550273,0.00,0,-2.43,1.40
6600277,0.00,0,-2.57,5.29
6650278,0.00,0,-2.89,8.13
6700278,0.26,0,3.01,6.85
6750278,0.00,0,2.74,3.21
6800278,0.00,0,2.66,-0.62
6850278,0.00,0,2.76,-4.31
6900279,0.00,0,3.04,-7.59
6950282,-0.09,0,-2.84,-8.63
7000282,-0.17,0,-2.47,-5.85
7050282,0.00,0,-2.26,-1.91
7100284,0.00,0,-2.24,2.02
7150284,0.00,0,-2.42,5.85
7200286,0.00,0,-2.76,8.99
7250288,0.17,0,3.07,8.80
7300291,0.09,0,2.71,5.56
7350292,0.00,0,2.51,1.69
7400294,0.00,0,2.50,-2.12
7450294,0.00,0,2.68,-5.68
7500296,0.00,0,3.00,-7.85
7550297,-0.17,0,-2.92,-6.64
7600297,0.00,0,-2.65,-3.48
7650298,0.00,0,-2.55,0.01
7700298,0.00,0,-2.62,2.77
7750299,0.00,0,-2.85,5.68
7800301,0.09,0,3.14,6.14
7850304,0.09,0,2.90,3.70
7900305,0.00,0,2.82,0.39
7950307,0.00,0,2.90,-2.91
8000307,0.00,0,3.13,-5.77
8050310,-0.09,0,-2.83,-6.92
8100314,-0.09,0,-2.54,-5.12
8150316,0.00,0,-2.39,-1.83
8200316,0.00,0,-2.40,1.68
8250317,0.00,0,-2.57,4.98
8300318,0.00,0,-2.89,7.34
8350320,0.09,0,3.04,6.97
8400322,0.09,0,2.77,4.29
8450322,0.00,0,2.66,0.91
8500324,0.00,0,2.72,-2.44
8550328,0.00,0,2.92,-5.20
8600331,-0.09,0,-3.08,-6.09
8650333,-0.09,0,-2.83,-4.48
8700333,0.00,0,-2.69,-1.68
8750333,0.00,0,-2.70,1.32
8800334,0.00,0,-2.84,3.92
8850335,0.09,0,-3.07,4.96
8900335,0.00,0,3.01,3.56
8950337,0.00,0,2.91,0.85
9000337,0.00,0,2.95,-2.07
9050337,0.00,0,3.13,-4.62
9100337,0.00,0,-2.89,-5.82
9150337,-0.09,0,-2.63,-4.66
9200340,0.00,0,-2.48,-1.97
9250343,0.00,0,-2.47,1.09
9300344,0.00,0,-2.61,3.98
9350344,0.00,0,-2.86,5.92
9400345,0.09,0,3.13,5.72
9450346,0.00,0,2.91,3.60
9500346,0.00,0,2.82,0.72
9550347,0.00,0,2.87,-2.13
9600350,0.00,0,3.04,-4.21
9650351,0.00,0,-3.03,-4.53
9700353,-0.09,0,-2.85,-2.99
9750353,0.00,0,-2.77,-0.58
9800354,0.00,0,-2.81,1.86
9850357,0.00,0,-2.96,3.67
9900357,0.09,0,3.14,3.84
9950357,0.00,0,2.99,2.23
++++++++++++++++++++++++++++++++++++++++++++++++++++++
Enter a new pwm_in: 