Serial initialized!
Starting new process at input voltage = 0
++++++++++++++++++++++++++++++++++++++++++++++++++++++
Step Voltage: 0
Sample Rate [ms]: 50
Run Time [ms]: 5000
Data format: time_stamp_us,wheel_speed_rad_sec,command_volt,command_pwm,pitch_rad,ang_vel_rad_s
-------------------------------------------------------
23,0.00,0.00,0,0.08,0.00
50025,0.00,0.00,0,0.08,-0.00
100025,0.00,0.00,0,0.08,0.00
150025,0.00,0.00,0,0.08,0.00
200025,0.00,0.00,0,0.08,0.00
250025,0.00,0.00,0,0.08,0.00
300025,0.00,0.00,0,0.08,0.00
350025,0.00,0.00,0,0.08,0.00
400025,0.00,0.00,0,0.08,0.00
450025,0.00,0.00,0,0.08,0.00
500025,0.00,0.00,0,0.08,0.00
550026,0.00,0.00,0,0.08,-0.00
600029,0.00,0.00,0,0.08,0.00
650029,0.00,0.00,0,0.08,-0.00
700029,0.00,0.00,0,0.08,0.00
750030,0.00,0.00,0,0.08,0.00
800033,0.00,0.00,0,0.08,0.00
850033,0.00,0.00,0,0.08,0.00
900033,0.00,0.00,0,0.08,0.00
950033,-0.09,0.00,0,0.08,-0.00
1000033,0.00,0.00,0,0.08,-0.00
1050033,0.00,0.00,0,0.08,-0.00
1100033,0.00,0.00,0,0.08,-0.00
1150033,0.00,0.00,0,0.08,-0.00
1200033,0.00,0.00,0,0.08,0.00
1250033,0.00,0.00,0,0.08,0.00
1300033,0.00,0.00,0,0.08,-0.00
1350034,0.00,0.00,0,0.08,0.00
1400037,0.00,0.00,0,0.08,0.00
1450037,0.00,0.00,0,0.08,0.00
1500037,0.00,0.00,0,0.08,0.00
1550037,0.00,0.00,0,0.08,-0.00
1600037,0.00,0.00,0,0.08,0.00
1650037,0.00,0.00,0,0.08,0.00
1700037,0.00,0.00,0,0.08,0.00
1750037,0.00,0.00,0,0.08,0.00
1800037,0.00,0.00,0,0.08,0.00
1850037,0.00,0.00,0,0.08,0.00
1900037,0.00,0.00,0,0.08,0.00
1950037,0.00,0.00,0,0.08,0.00
2000037,0.00,0.00,0,0.08,0.00
2050037,0.00,0.00,0,0.08,-0.00
2100037,0.00,0.00,0,0.08,0.00
2150037,0.00,0.00,0,0.08,0.00
2200037,0.00,0.00,0,0.08,0.00
2250038,0.00,0.00,0,0.08,0.00
2300038,0.00,0.00,0,0.08,0.00
2350041,0.00,0.00,0,0.08,0.00
2400041,0.00,0.00,0,0.08,0.00
2450041,0.00,0.00,0,0.08,0.00
2500041,0.00,0.00,0,0.08,0.00
2550041,0.00,0.00,0,0.08,-0.00
2600041,0.00,0.00,0,0.08,0.00
2650041,0.00,0.00,0,0.08,0.00
2700042,0.00,0.00,0,0.08,0.00
2750042,0.00,0.00,0,0.08,-0.00
2800045,0.00,0.00,0,0.08,0.00
2850045,0.00,0.00,0,0.08,0.00
2900045,0.00,0.00,0,0.08,0.00
2950046,0.00,0.00,0,0.08,-0.00
3000049,0.00,0.00,0,0.08,-0.00
3050049,0.00,0.00,0,0.08,-0.00
3100050,0.00,0.00,0,0.08,0.00
3150053,0.00,0.00,0,0.08,0.00
3200053,0.00,0.00,0,0.08,-0.00
3250053,0.00,0.00,0,0.08,0.00
3300053,0.00,0.00,0,0.08,0.00
3350053,0.00,0.00,0,0.08,0.00
3400053,0.00,0.00,0,0.08,0.00
3450053,0.00,0.00,0,0.08,0.00
3500053,0.00,0.00,0,0.08,0.00
3550053,0.00,0.00,0,0.08,0.00
3600053,0.00,0.00,0,0.08,-0.00
3650053,0.00,0.00,0,0.08,0.00
3700053,0.00,0.00,0,0.08,0.00
3750054,0.00,0.00,0,0.08,0.00
3800057,0.00,0.00,0,0.08,0.00
3850057,0.00,0.00,0,0.08,0.00
3900057,0.00,0.00,0,0.08,0.00
3950057,0.00,0.00,0,0.08,0.00
4000057,0.00,0.00,0,0.08,0.00
4050057,0.00,0.00,0,0.08,0.00
4100057,0.00,0.00,0,0.08,0.00
4150057,0.00,0.00,0,0.08,0.00
4200058,0.00,0.00,0,0.08,0.00
4250061,0.00,0.00,0,0.08,-0.00
4300061,0.00,0.00,0,0.08,0.00
4350062,0.00,0.00,0,0.08,0.00
4400065,0.00,0.00,0,0.08,0.00
4450066,0.00,0.00,0,0.08,-0.00
4500069,0.00,0.00,0,0.08,0.00
4550069,0.00,0.00,0,0.08,0.00
4600069,0.00,0.00,0,0.08,0.00
4650070,0.00,0.00,0,0.08,0.00
4700073,0.00,0.00,0,0.08,0.00
4750073,0.00,0.00,0,0.08,0.00
4800073,0.00,0.00,0,0.08,-0.00
4850073,0.00,0.00,0,0.08,-0.00
4900073,0.00,0.00,0,0.08,-0.00
4950073,0.00,0.00,0,0.08,0.00
++++++++++++++++++++++++++++++++++++++++++++++++++++++
Enter a new Step Voltage: Starting new process at input voltage = 1
++++++++++++++++++++++++++++++++++++++++++++++++++++++
Step Voltage: -1.18
Sample Rate [ms]: 50
Run Time [ms]: 5000
Data format: time_stamp_us,wheel_speed_rad_sec,command_volt,command_pwm,pitch_rad,ang_vel_rad_s
-------------------------------------------------------
23,0.00,1.00,26,0.18,-0.00
50026,4.54,1.00,26,0.18,0.04
100026,11.00,1.00,26,0.18,-0.02
150026,13.35,1.00,26,0.18,-0.01
200026,14.57,1.00,26,0.18,-0.00
250026,15.10,1.00,26,0.18,0.01
300026,15.18,1.00,26,0.18,-0.00
350026,15.27,1.00,26,0.18,-0.00
400026,15.01,1.00,26,0.18,-0.01
450026,14.92,1.00,26,0.18,0.00
500026,15.10,1.00,26,0.18,0.00
550026,15.01,1.00,26,0.18,0.01
600026,15.27,1.00,26,0.18,-0.01
650026,15.27,1.00,26,0.18,0.01
700026,15.36,1.00,26,0.18,-0.00
750026,15.18,1.00,26,0.18,0.00
800026,15.10,1.00,26,0.18,-0.01
850026,15.10,1.00,26,0.18,0.01
900026,15.10,1.00,26,0.18,-0.00
950026,15.01,1.00,26,0.18,-0.01
1000026,14.92,1.00,26,0.18,0.02
1050026,15.27,1.00,26,0.18,-0.01
1100026,15.27,1.00,26,0.18,0.02
1150026,15.27,1.00,26,0.18,-0.01
1200026,15.18,1.00,26,0.18,0.00
1250026,14.92,1.00,26,0.18,-0.01
1300027,15.01,1.00,26,0.18,0.00
1350030,14.92,1.00,26,0.18,-0.00
1400030,15.18,1.00,26,0.18,-0.01
1450030,15.18,1.00,26,0.18,0.01
1500030,15.36,1.00,26,0.18,-0.00
1550030,15.27,1.00,26,0.18,0.00
1600031,15.10,1.00,26,0.18,-0.02
1650034,15.18,1.00,26,0.18,0.01
1700034,15.01,1.00,26,0.18,-0.01
1750034,15.01,1.00,26,0.18,0.01
1800034,14.92,1.00,26,0.18,0.00
1850034,15.01,1.00,26,0.18,-0.00
1900034,15.27,1.00,26,0.18,0.01
1950034,15.36,1.00,26,0.18,-0.01
2000034,15.10,1.00,26,0.18,0.01
2050035,15.10,1.00,26,0.18,-0.00
2100038,14.92,1.00,26,0.18,0.01
2150039,15.10,1.00,26,0.18,-0.01
2200042,15.10,1.00,26,0.18,-0.00
2250042,15.01,1.00,26,0.18,0.00
2300043,15.27,1.00,26,0.18,-0.01
2350046,15.27,1.00,26,0.18,0.01
2400047,15.36,1.00,26,0.18,0.00
2450050,15.01,1.00,26,0.18,0.01
2500050,15.18,1.00,26,0.18,-0.00
2550051,14.92,1.00,26,0.18,0.00
2600054,15.10,1.00,26,0.18,-0.00
2650054,14.84,1.00,26,0.18,0.01
2700055,15.27,1.00,26,0.18,-0.00
2750058,15.27,1.00,26,0.18,0.00
2800058,15.18,1.00,26,0.18,-0.00
2850058,15.27,1.00,26,0.18,-0.01
2900058,14.92,1.00,26,0.18,0.01
2950058,15.01,1.00,26,0.18,-0.02
3000058,15.01,1.00,26,0.18,0.01
3050058,15.10,1.00,26,0.18,0.00
3100058,15.18,1.00,26,0.18,0.01
3150058,15.27,1.00,26,0.18,0.01
3200058,15.27,1.00,26,0.18,0.00
3250058,15.18,1.00,26,0.18,-0.01
3300058,15.18,1.00,26,0.18,0.00
3350058,14.92,1.00,26,0.18,-0.00
3400059,15.01,1.00,26,0.18,-0.00
3450062,15.10,1.00,26,0.18,0.00
3500062,15.01,1.00,26,0.18,-0.01
3550062,15.27,1.00,26,0.18,0.01
3600062,15.27,1.00,26,0.18,-0.01
3650062,15.27,1.00,26,0.18,0.00
3700062,15.10,1.00,26,0.18,-0.00
3750062,15.10,1.00,26,0.18,-0.00
3800062,15.01,1.00,26,0.18,0.00
3850062,15.01,1.00,26,0.18,-0.01
3900062,15.10,1.00,26,0.18,0.00
3950063,15.27,1.00,26,0.18,0.00
4000063,15.36,1.00,26,0.18,0.01
4050066,15.18,1.00,26,0.18,-0.00
4100066,15.10,1.00,26,0.18,0.01
4150066,15.18,1.00,26,0.18,0.00
4200066,15.01,1.00,26,0.18,-0.00
4250066,15.01,1.00,26,0.18,-0.00
4300066,15.01,1.00,26,0.18,0.00
4350066,15.18,1.00,26,0.18,0.01
4400066,15.27,1.00,26,0.18,-0.01
4450066,15.27,1.00,26,0.18,-0.00
4500066,15.18,1.00,26,0.18,-0.00
4550067,15.10,1.00,26,0.18,0.01
4600070,14.75,1.00,26,0.18,-0.02
4650070,15.18,1.00,26,0.18,-0.00
4700070,15.01,1.00,26,0.18,0.01
4750070,15.18,1.00,26,0.18,-0.01
4800070,15.27,1.00,26,0.18,0.00
4850070,15.27,1.00,26,0.18,0.00
4900070,15.27,1.00,26,0.18,0.01
4950070,15.10,1.00,26,0.18,-0.01
++++++++++++++++++++++++++++++++++++++++++++++++++++++
Enter a new Step Voltage: Starting new process at input voltage = 2
++++++++++++++++++++++++++++++++++++++++++++++++++++++
Step Voltage: -2.32
Sample Rate [ms]: 50
Run Time [ms]: 5000
Data format: time_stamp_us,wheel_speed_rad_sec,command_volt,command_pwm,pitch_rad,ang_vel_rad_s
-------------------------------------------------------
23,0.00,2.00,52,0.19,0.02
50026,9.34,2.00,52,0.19,0.09
100026,21.99,2.00,52,0.19,-0.05
150026,27.23,2.00,52,0.19,-0.01
200026,29.50,2.00,52,0.19,0.00
250026,30.46,2.00,52,0.19,0.00
300026,30.81,2.00,52,0.20,0.01
350026,30.98,2.00,52,0.20,-0.04
400026,31.24,2.00,52,0.20,0.06
450027,31.15,2.00,52,0.20,-0.00
500030,31.06,2.00,52,0.20,-0.04
550030,31.15,2.00,52,0.20,-0.01
600030,31.42,2.00,52,0.19,-0.02
650030,31.15,2.00,52,0.19,-0.00
700030,31.24,2.00,52,0.20,-0.03
750030,31.15,2.00,52,0.19,0.01
800030,31.33,2.00,52,0.19,0.02
850030,31.33,2.00,52,0.19,0.00
900030,31.24,2.00,52,0.19,0.01
950030,31.15,2.00,52,0.19,0.01
1000030,31.33,2.00,52,0.19,0.05
1050030,31.24,2.00,52,0.19,-0.02
1100030,31.15,2.00,52,0.19,-0.02
1150031,31.33,2.00,52,0.20,-0.03
1200031,31.42,2.00,52,0.19,-0.00
1250034,31.33,2.00,52,0.19,0.02
1300034,31.15,2.00,52,0.19,-0.00
1350035,31.24,2.00,52,0.20,-0.02
1400038,31.24,2.00,52,0.19,0.05
1450038,31.15,2.00,52,0.19,-0.00
1500038,31.24,2.00,52,0.19,-0.02
1550038,31.24,2.00,52,0.19,-0.00
1600038,31.42,2.00,52,0.19,0.03
1650038,31.24,2.00,52,0.20,-0.02
1700038,31.33,2.00,52,0.20,0.01
1750038,31.33,2.00,52,0.20,0.01
1800038,31.50,2.00,52,0.20,-0.03
1850038,31.33,2.00,52,0.20,-0.06
1900038,31.15,2.00,52,0.20,-0.03
1950038,31.33,2.00,52,0.20,-0.07
2000038,31.50,2.00,52,0.20,-0.04
2050038,31.33,2.00,52,0.20,-0.04
2100038,31.33,2.00,52,0.20,0.02
2150038,31.15,2.00,52,0.20,-0.06
2200038,31.42,2.00,52,0.20,0.05
2250038,31.33,2.00,52,0.20,-0.01
2300038,31.33,2.00,52,0.20,-0.04
2350038,31.24,2.00,52,0.20,-0.03
2400038,31.42,2.00,52,0.20,-0.04
2450038,31.24,2.00,52,0.20,0.02
2500039,31.33,2.00,52,0.20,-0.04
2550042,31.24,2.00,52,0.20,0.01
2600042,31.42,2.00,52,0.20,-0.01
2650042,31.24,2.00,52,0.20,-0.05
2700042,31.42,2.00,52,0.20,-0.01
2750042,31.33,2.00,52,0.20,-0.02
2800042,31.42,2.00,52,0.20,0.03
2850042,31.24,2.00,52,0.20,0.02
2900042,31.33,2.00,52,0.20,-0.00
2950042,31.24,2.00,52,0.20,-0.03
3000042,31.50,2.00,52,0.20,0.01
3050042,31.24,2.00,52,0.20,-0.04
3100042,31.24,2.00,52,0.20,-0.01
3150042,31.42,2.00,52,0.20,-0.01
3200042,31.50,2.00,52,0.20,-0.02
3250042,31.42,2.00,52,0.20,0.01
3300042,31.33,2.00,52,0.20,-0.02
3350042,31.24,2.00,52,0.20,-0.00
3400042,31.50,2.00,52,0.20,0.01
3450043,31.42,2.00,52,0.20,-0.03
3500046,31.33,2.00,52,0.20,-0.03
3550046,31.42,2.00,52,0.20,-0.02
3600046,31.50,2.00,52,0.20,-0.05
3650046,31.33,2.00,52,0.20,0.00
3700046,31.33,2.00,52,0.20,-0.01
3750046,31.33,2.00,52,0.20,-0.04
3800046,31.42,2.00,52,0.20,0.01
3850046,31.33,2.00,52,0.20,-0.04
3900046,31.24,2.00,52,0.20,-0.03
3950046,31.33,2.00,52,0.20,0.02
4000046,31.50,2.00,52,0.20,0.00
4050046,31.42,2.00,52,0.20,-0.01
4100047,31.42,2.00,52,0.20,0.01
4150047,31.15,2.00,52,0.20,-0.02
4200050,31.41,2.00,52,0.20,-0.01
4250051,31.33,2.00,52,0.20,0.01
4300054,31.24,2.00,52,0.20,-0.02
4350054,31.33,2.00,52,0.20,-0.01
4400054,31.50,2.00,52,0.20,0.05
4450054,31.33,2.00,52,0.20,0.01
4500054,31.24,2.00,52,0.20,-0.03
4550054,31.33,2.00,52,0.20,0.02
4600055,31.42,2.00,52,0.20,0.07
4650055,31.33,2.00,52,0.20,0.03
4700058,31.41,2.00,52,0.20,-0.02
4750058,31.24,2.00,52,0.20,-0.06
4800058,31.59,2.00,52,0.20,-0.04
4850059,31.42,2.00,52,0.20,0.03
4900059,31.42,2.00,52,0.20,-0.03
4950062,31.33,2.00,52,0.20,-0.02
++++++++++++++++++++++++++++++++++++++++++++++++++++++
Enter a new Step Voltage: Starting new process at input voltage = 3
++++++++++++++++++++++++++++++++++++++++++++++++++++++
Step Voltage: -3.46
Sample Rate [ms]: 50
Run Time [ms]: 5000
Data format: time_stamp_us,wheel_speed_rad_sec,command_volt,command_pwm,pitch_rad,ang_vel_rad_s
-------------------------------------------------------
23,0.00,3.00,78,0.17,-0.07
50026,14.40,3.00,78,0.17,0.08
100026,33.25,3.00,78,0.16,-0.00
150026,40.49,3.00,78,0.16,-0.13
200026,44.07,3.00,78,0.17,-0.13
250026,45.81,3.00,78,0.18,-0.21
300026,46.51,3.00,78,0.18,0.09
350026,46.69,3.00,78,0.17,0.19
400026,46.86,3.00,78,0.17,-0.05
450026,47.30,3.00,78,0.17,0.03
500026,47.39,3.00,78,0.17,-0.01
550027,47.21,3.00,78,0.17,0.03
600030,47.64,3.00,78,0.17,0.02
650030,47.12,3.00,78,0.17,-0.06
700030,47.30,3.00,78,0.17,-0.13
750030,47.56,3.00,78,0.17,-0.10
800030,47.12,3.00,78,0.17,-0.06
850030,47.47,3.00,78,0.17,0.01
900030,47.30,3.00,78,0.17,-0.01
950030,47.30,3.00,78,0.17,0.01
1000030,47.47,3.00,78,0.17,0.02
1050030,47.82,3.00,78,0.17,-0.02
1100030,47.56,3.00,78,0.17,0.09
1150030,47.91,3.00,78,0.17,0.07
1200030,47.47,3.00,78,0.17,-0.05
1250030,48.08,3.00,78,0.17,0.05
1300030,47.56,3.00,78,0.17,-0.06
1350030,47.30,3.00,78,0.17,-0.09
1400030,47.65,3.00,78,0.17,0.02
1450030,47.73,3.00,78,0.17,0.04
1500030,47.91,3.00,78,0.17,0.10
1550030,47.30,3.00,78,0.17,-0.02
1600030,47.30,3.00,78,0.17,-0.02
1650030,47.73,3.00,78,0.17,-0.05
1700030,47.73,3.00,78,0.16,-0.02
1750030,47.56,3.00,78,0.17,-0.06
1800030,47.65,3.00,78,0.17,0.06
1850030,47.12,3.00,78,0.17,-0.01
1900030,47.65,3.00,78,0.17,0.05
1950030,47.65,3.00,78,0.16,0.06
2000030,47.73,3.00,78,0.16,-0.03
2050031,47.82,3.00,78,0.17,-0.03
2100034,47.73,3.00,78,0.17,-0.02
2150034,47.73,3.00,78,0.17,-0.06
2200034,47.47,3.00,78,0.17,-0.09
2250034,47.21,3.00,78,0.17,0.05
2300034,47.82,3.00,78,0.17,0.04
2350034,47.56,3.00,78,0.17,0.09
2400034,47.30,3.00,78,0.17,-0.05
2450034,47.39,3.00,78,0.17,-0.01
2500034,46.95,3.00,78,0.17,-0.04
2550034,47.65,3.00,78,0.17,-0.04
2600034,47.82,3.00,78,0.17,-0.02
2650034,47.73,3.00,78,0.17,-0.09
2700034,47.91,3.00,78,0.17,0.06
2750034,48.00,3.00,78,0.17,-0.04
2800034,47.91,3.00,78,0.17,0.01
2850034,47.73,3.00,78,0.17,0.14
2900034,47.82,3.00,78,0.17,0.01
2950035,48.17,3.00,78,0.17,0.02
3000038,47.99,3.00,78,0.17,0.10
3050038,47.65,3.00,78,0.17,0.01
3100038,48.08,3.00,78,0.17,0.05
3150038,47.91,3.00,78,0.17,-0.07
3200039,47.82,3.00,78,0.17,-0.09
3250042,47.91,3.00,78,0.17,-0.11
3300043,47.30,3.00,78,0.17,-0.10
3350046,47.82,3.00,78,0.17,0.08
3400046,47.65,3.00,78,0.17,-0.11
3450046,47.47,3.00,78,0.17,-0.01
3500046,47.39,3.00,78,0.18,-0.03
3550047,48.00,3.00,78,0.18,0.03
3600050,47.91,3.00,78,0.18,0.04
3650051,47.91,3.00,78,0.18,0.08
3700051,48.08,3.00,78,0.18,-0.17
3750054,48.34,3.00,78,0.18,-0.07
3800054,48.00,3.00,78,0.18,0.06
3850054,47.65,3.00,78,0.18,-0.02
3900054,47.47,3.00,78,0.18,0.10
3950054,47.82,3.00,78,0.18,-0.05
4000054,47.91,3.00,78,0.18,-0.01
4050054,47.91,3.00,78,0.18,0.08
4100054,47.30,3.00,78,0.18,-0.05
4150054,47.73,3.00,78,0.18,0.03
4200054,47.39,3.00,78,0.18,0.01
4250054,47.65,3.00,78,0.18,0.06
4300054,47.82,3.00,78,0.18,0.02
4350054,47.47,3.00,78,0.18,0.03
4400054,47.65,3.00,78,0.18,0.02
4450054,47.30,3.00,78,0.18,-0.06
4500054,47.73,3.00,78,0.18,-0.02
4550054,48.17,3.00,78,0.18,0.05
4600054,47.82,3.00,78,0.18,-0.06
4650054,48.17,3.00,78,0.18,-0.11
4700054,48.17,3.00,78,0.18,-0.00
4750054,47.91,3.00,78,0.18,0.00
4800054,47.82,3.00,78,0.18,0.09
4850054,47.65,3.00,78,0.18,-0.06
4900055,47.47,3.00,78,0.19,0.04
4950058,47.56,3.00,78,0.18,0.10
++++++++++++++++++++++++++++++++++++++++++++++++++++++
Enter a new Step Voltage: Starting new process at input voltage = 4
++++++++++++++++++++++++++++++++++++++++++++++++++++++
Step Voltage: -4.6
Sample Rate [ms]: 50
Run Time [ms]: 5000
Data format: time_stamp_us,wheel_speed_rad_sec,command_volt,command_pwm,pitch_rad,ang_vel_rad_s
-------------------------------------------------------
23,0.00,4.00,104,0.18,0.01
50026,17.19,4.00,104,0.18,0.25
100026,43.90,4.00,104,0.16,0.14
150026,53.15,4.00,104,0.16,-0.09
200026,57.51,4.00,104,0.17,-0.21
250026,60.13,4.00,104,0.18,-0.18
300026,61.78,4.00,104,0.18,0.10
350026,62.48,4.00,104,0.18,-0.09
400026,62.83,4.00,104,0.18,0.02
450026,63.01,4.00,104,0.17,-0.10
500026,63.18,4.00,104,0.18,0.11
550026,63.53,4.00,104,0.18,-0.15
600027,63.01,4.00,104,0.18,0.03
650030,63.44,4.00,104,0.18,-0.07
700030,63.62,4.00,104,0.17,0.07
750030,63.53,4.00,104,0.18,-0.10
800030,63.09,4.00,104,0.18,0.02
850030,63.18,4.00,104,0.18,-0.05
900030,63.70,4.00,104,0.18,-0.08
950030,63.09,4.00,104,0.18,0.10
1000031,63.53,4.00,104,0.17,-0.00
1050034,63.44,4.00,104,0.17,0.02
1100034,63.27,4.00,104,0.17,-0.04
1150035,63.18,4.00,104,0.17,-0.06
1200038,62.83,4.00,104,0.17,0.05
1250038,62.40,4.00,104,0.17,-0.19
1300038,62.83,4.00,104,0.17,0.11
1350038,62.66,4.00,104,0.17,-0.23
1400039,63.09,4.00,104,0.17,0.05
1450042,63.26,4.00,104,0.17,-0.15
1500043,63.62,4.00,104,0.17,0.02
1550046,63.26,4.00,104,0.17,-0.04
1600047,63.09,4.00,104,0.17,0.04
1650050,62.57,4.00,104,0.17,0.06
1700050,62.83,4.00,104,0.17,0.15
1750050,63.36,4.00,104,0.17,0.00
1800050,64.05,4.00,104,0.17,0.17
1850050,63.62,4.00,104,0.16,-0.04
1900051,63.27,4.00,104,0.16,0.01
1950054,63.44,4.00,104,0.16,-0.09
2000054,63.97,4.00,104,0.17,-0.04
2050054,63.62,4.00,104,0.17,-0.01
2100054,63.53,4.00,104,0.17,0.07
2150055,63.09,4.00,104,0.17,-0.10
2200055,63.44,4.00,104,0.17,0.13
2250058,63.35,4.00,104,0.17,-0.20
2300058,63.44,4.00,104,0.17,0.17
2350058,63.62,4.00,104,0.17,0.08
2400058,63.36,4.00,104,0.17,0.11
2450058,63.27,4.00,104,0.17,-0.05
2500058,63.01,4.00,104,0.16,0.11
2550058,62.48,4.00,104,0.17,-0.01
2600058,63.01,4.00,104,0.16,0.04
2650058,62.83,4.00,104,0.17,-0.05
2700058,63.27,4.00,104,0.17,0.10
2750059,63.09,4.00,104,0.17,-0.02
2800062,63.53,4.00,104,0.17,-0.05
2850062,63.79,4.00,104,0.17,-0.09
2900062,63.97,4.00,104,0.17,0.04
2950062,63.88,4.00,104,0.16,0.04
3000062,63.44,4.00,104,0.16,0.09
3050062,63.53,4.00,104,0.16,-0.12
3100062,63.44,4.00,104,0.16,-0.02
3150062,63.53,4.00,104,0.16,-0.04
3200062,63.36,4.00,104,0.17,0.11
3250062,63.36,4.00,104,0.17,-0.24
3300063,64.23,4.00,104,0.17,-0.03
3350066,64.05,4.00,104,0.17,-0.13
3400066,64.23,4.00,104,0.17,0.03
3450066,63.53,4.00,104,0.18,-0.19
3500066,63.01,4.00,104,0.17,0.17
3550066,63.36,4.00,104,0.18,-0.00
3600066,63.36,4.00,104,0.17,0.03
3650066,63.53,4.00,104,0.18,-0.08
3700066,63.79,4.00,104,0.18,0.04
3750066,64.05,4.00,104,0.17,-0.04
3800066,64.40,4.00,104,0.17,0.08
3850066,63.88,4.00,104,0.17,-0.14
3900066,63.70,4.00,104,0.17,0.11
3950066,63.09,4.00,104,0.17,-0.19
4000066,63.18,4.00,104,0.17,0.10
4050066,63.44,4.00,104,0.17,0.06
4100066,63.70,4.00,104,0.16,0.15
4150066,63.79,4.00,104,0.16,-0.03
4200066,64.14,4.00,104,0.16,0.03
4250066,64.58,4.00,104,0.16,-0.15
4300066,63.79,4.00,104,0.17,0.11
4350066,63.01,4.00,104,0.17,0.03
4400066,63.09,4.00,104,0.16,0.10
4450066,63.01,4.00,104,0.16,-0.10
4500066,62.92,4.00,104,0.16,0.10
4550066,63.36,4.00,104,0.16,0.03
4600066,63.62,4.00,104,0.16,0.20
4650066,63.27,4.00,104,0.16,0.03
4700066,63.53,4.00,104,0.16,-0.01
4750066,63.79,4.00,104,0.16,-0.10
4800066,63.79,4.00,104,0.16,0.05
4850066,63.70,4.00,104,0.16,-0.19
4900066,63.44,4.00,104,0.16,0.02
4950066,63.36,4.00,104,0.17,-0.04
++++++++++++++++++++++++++++++++++++++++++++++++++++++
Enter a new Step Voltage: Starting new process at input voltage = -1
++++++++++++++++++++++++++++++++++++++++++++++++++++++
Step Voltage: 1.18
Sample Rate [ms]: 50
Run Time [ms]: 5000
Data format: time_stamp_us,wheel_speed_rad_sec,command_volt,command_pwm,pitch_rad,ang_vel_rad_s
-------------------------------------------------------
24,0.00,-1.00,-26,0.20,0.01
50025,-5.15,-1.00,-26,0.20,-0.06
100025,-12.04,-1.00,-26,0.21,-0.02
150025,-14.84,-1.00,-26,0.21,-0.01
200025,-15.80,-1.00,-26,0.21,0.00
250025,-16.06,-1.00,-26,0.21,-0.01
300025,-16.14,-1.00,-26,0.21,-0.02
350025,-16.06,-1.00,-26,0.21,-0.01
400025,-15.97,-1.00,-26,0.21,-0.01
450025,-15.71,-1.00,-26,0.21,-0.01
500025,-15.80,-1.00,-26,0.21,-0.05
550025,-15.88,-1.00,-26,0.21,0.01
600025,-16.06,-1.00,-26,0.21,0.02
650025,-16.14,-1.00,-26,0.21,0.01
700025,-16.06,-1.00,-26,0.21,-0.01
750025,-16.32,-1.00,-26,0.21,-0.01
800025,-15.80,-1.00,-26,0.21,-0.01
850025,-15.88,-1.00,-26,0.21,0.00
900025,-15.36,-1.00,-26,0.21,0.00
950025,-15.97,-1.00,-26,0.21,0.01
1000026,-16.06,-1.00,-26,0.21,0.02
1050029,-16.14,-1.00,-26,0.20,0.02
1100029,-16.14,-1.00,-26,0.20,-0.01
1150029,-15.88,-1.00,-26,0.20,0.00
1200029,-15.97,-1.00,-26,0.20,0.01
1250029,-15.53,-1.00,-26,0.20,-0.02
1300029,-15.53,-1.00,-26,0.20,0.00
1350029,-15.88,-1.00,-26,0.21,-0.04
1400029,-16.06,-1.00,-26,0.21,0.01
1450029,-16.14,-1.00,-26,0.21,-0.02
1500029,-16.06,-1.00,-26,0.21,-0.01
1550029,-15.97,-1.00,-26,0.21,-0.00
1600029,-15.88,-1.00,-26,0.20,0.01
1650029,-15.62,-1.00,-26,0.20,-0.00
1700029,-15.45,-1.00,-26,0.21,-0.03
1750029,-15.80,-1.00,-26,0.21,0.01
1800030,-16.23,-1.00,-26,0.20,0.01
1850033,-15.97,-1.00,-26,0.20,0.00
1900034,-16.14,-1.00,-26,0.20,-0.01
1950037,-15.79,-1.00,-26,0.20,-0.02
2000037,-15.80,-1.00,-26,0.20,0.00
2050037,-15.53,-1.00,-26,0.21,-0.01
2100037,-15.62,-1.00,-26,0.21,0.01
2150037,-15.80,-1.00,-26,0.21,-0.01
2200037,-16.06,-1.00,-26,0.21,0.01
2250037,-16.06,-1.00,-26,0.21,0.01
2300038,-16.06,-1.00,-26,0.21,-0.01
2350041,-15.88,-1.00,-26,0.20,0.02
2400041,-15.88,-1.00,-26,0.20,0.01
2450042,-15.45,-1.00,-26,0.20,0.01
2500045,-15.53,-1.00,-26,0.20,-0.01
2550046,-15.79,-1.00,-26,0.20,-0.01
2600049,-16.14,-1.00,-26,0.20,-0.01
2650049,-16.06,-1.00,-26,0.20,0.01
2700050,-16.06,-1.00,-26,0.20,-0.01
2750053,-15.79,-1.00,-26,0.20,-0.01
2800053,-15.71,-1.00,-26,0.20,-0.01
2850053,-15.62,-1.00,-26,0.20,-0.04
2900053,-15.53,-1.00,-26,0.21,-0.04
2950053,-15.88,-1.00,-26,0.21,0.02
3000053,-15.97,-1.00,-26,0.20,0.03
3050054,-16.14,-1.00,-26,0.20,0.01
3100054,-15.97,-1.00,-26,0.20,-0.01
3150057,-15.88,-1.00,-26,0.20,0.03
3200057,-15.88,-1.00,-26,0.20,0.02
3250057,-15.27,-1.00,-26,0.20,0.02
3300057,-15.62,-1.00,-26,0.20,-0.05
3350057,-15.88,-1.00,-26,0.20,-0.03
3400057,-16.06,-1.00,-26,0.20,0.00
3450057,-16.14,-1.00,-26,0.20,0.01
3500057,-15.80,-1.00,-26,0.20,0.00
3550058,-15.97,-1.00,-26,0.20,-0.00
3600061,-15.53,-1.00,-26,0.20,-0.01
3650061,-15.62,-1.00,-26,0.20,0.01
3700061,-15.53,-1.00,-26,0.20,-0.00
3750061,-15.88,-1.00,-26,0.20,0.00
3800062,-15.97,-1.00,-26,0.20,-0.01
3850065,-16.06,-1.00,-26,0.20,-0.01
3900065,-15.88,-1.00,-26,0.20,-0.01
3950065,-15.88,-1.00,-26,0.20,0.03
4000065,-15.71,-1.00,-26,0.20,0.05
4050065,-15.36,-1.00,-26,0.20,0.03
4100065,-15.62,-1.00,-26,0.20,0.03
4150065,-15.88,-1.00,-26,0.20,-0.01
4200065,-15.97,-1.00,-26,0.20,-0.01
4250065,-15.97,-1.00,-26,0.20,0.00
4300065,-15.88,-1.00,-26,0.20,0.03
4350065,-15.88,-1.00,-26,0.20,0.00
4400066,-15.45,-1.00,-26,0.20,-0.05
4450066,-15.62,-1.00,-26,0.20,0.02
4500069,-15.45,-1.00,-26,0.20,0.02
4550069,-15.88,-1.00,-26,0.20,-0.02
4600069,-15.97,-1.00,-26,0.20,0.03
4650069,-15.97,-1.00,-26,0.20,0.02
4700069,-15.97,-1.00,-26,0.20,-0.01
4750069,-15.80,-1.00,-26,0.20,0.00
4800069,-15.71,-1.00,-26,0.20,-0.00
4850069,-15.27,-1.00,-26,0.19,-0.01
4900069,-15.45,-1.00,-26,0.19,0.00
4950069,-15.88,-1.00,-26,0.19,-0.00
++++++++++++++++++++++++++++++++++++++++++++++++++++++
Enter a new Step Voltage: Starting new process at input voltage = -2
++++++++++++++++++++++++++++++++++++++++++++++++++++++
Step Voltage: 2.33
Sample Rate [ms]: 50
Run Time [ms]: 5000
Data format: time_stamp_us,wheel_speed_rad_sec,command_volt,command_pwm,pitch_rad,ang_vel_rad_s
-------------------------------------------------------
24,0.00,-2.00,-52,0.21,-0.01
50025,-10.38,-2.00,-52,0.21,-0.06
100025,-23.74,-2.00,-52,0.21,0.03
150025,-28.80,-2.00,-52,0.21,0.03
200025,-30.81,-2.00,-52,0.21,0.04
250025,-31.85,-2.00,-52,0.21,0.06
300025,-32.46,-2.00,-52,0.20,0.04
350026,-32.46,-2.00,-52,0.20,0.04
400029,-32.20,-2.00,-52,0.21,-0.02
450029,-32.72,-2.00,-52,0.21,-0.01
500029,-32.90,-2.00,-52,0.20,-0.00
550030,-32.46,-2.00,-52,0.21,0.01
600033,-32.37,-2.00,-52,0.20,0.08
650033,-32.64,-2.00,-52,0.21,-0.02
700033,-32.64,-2.00,-52,0.21,0.02
750033,-32.55,-2.00,-52,0.21,-0.02
800033,-32.55,-2.00,-52,0.20,0.07
850033,-32.64,-2.00,-52,0.20,-0.00
900033,-32.90,-2.00,-52,0.20,-0.01
950033,-32.46,-2.00,-52,0.20,-0.04
1000034,-32.72,-2.00,-52,0.20,-0.06
1050037,-32.81,-2.00,-52,0.20,0.00
1100037,-32.90,-2.00,-52,0.21,-0.05
1150037,-32.46,-2.00,-52,0.21,0.01
1200037,-32.81,-2.00,-52,0.21,0.07
1250037,-32.99,-2.00,-52,0.20,0.05
1300037,-32.64,-2.00,-52,0.20,-0.04
1350037,-32.64,-2.00,-52,0.20,-0.04
1400037,-32.81,-2.00,-52,0.21,0.01
1450037,-32.64,-2.00,-52,0.20,-0.02
1500037,-32.72,-2.00,-52,0.20,-0.01
1550037,-32.55,-2.00,-52,0.21,-0.07
1600038,-32.90,-2.00,-52,0.21,0.01
1650041,-32.81,-2.00,-52,0.21,0.01
1700041,-32.72,-2.00,-52,0.21,0.00
1750041,-32.72,-2.00,-52,0.21,-0.00
1800041,-32.72,-2.00,-52,0.21,0.00
1850041,-32.64,-2.00,-52,0.21,0.08
1900041,-32.46,-2.00,-52,0.21,0.03
1950041,-32.72,-2.00,-52,0.21,-0.02
2000041,-32.64,-2.00,-52,0.21,-0.00
2050041,-32.81,-2.00,-52,0.21,0.02
2100041,-32.38,-2.00,-52,0.21,0.01
2150041,-32.72,-2.00,-52,0.21,0.02
2200041,-32.81,-2.00,-52,0.21,-0.04
2250041,-32.72,-2.00,-52,0.21,0.00
2300041,-32.46,-2.00,-52,0.21,0.02
2350041,-32.72,-2.00,-52,0.21,0.11
2400041,-32.99,-2.00,-52,0.21,0.05
2450041,-32.64,-2.00,-52,0.21,-0.04
2500042,-32.55,-2.00,-52,0.21,-0.00
2550045,-32.98,-2.00,-52,0.21,0.05
2600045,-32.81,-2.00,-52,0.21,-0.07
2650046,-32.64,-2.00,-52,0.21,0.09
2700049,-32.46,-2.00,-52,0.21,0.07
2750049,-32.90,-2.00,-52,0.21,0.07
2800049,-32.81,-2.00,-52,0.21,-0.01
2850049,-32.55,-2.00,-52,0.21,-0.01
2900049,-32.81,-2.00,-52,0.21,0.06
2950049,-32.90,-2.00,-52,0.21,-0.03
3000050,-32.64,-2.00,-52,0.21,0.02
3050053,-32.55,-2.00,-52,0.21,0.01
3100053,-32.64,-2.00,-52,0.21,0.01
3150053,-32.81,-2.00,-52,0.21,-0.04
3200053,-32.90,-2.00,-52,0.21,0.00
3250054,-32.46,-2.00,-52,0.21,-0.03
3300057,-32.90,-2.00,-52,0.21,-0.01
3350057,-32.90,-2.00,-52,0.21,-0.03
3400058,-32.64,-2.00,-52,0.21,-0.03
3450061,-32.46,-2.00,-52,0.21,-0.02
3500061,-32.64,-2.00,-52,0.21,0.01
3550061,-32.99,-2.00,-52,0.21,-0.03
3600061,-32.81,-2.00,-52,0.21,0.09
3650061,-32.46,-2.00,-52,0.21,0.05
3700061,-32.81,-2.00,-52,0.21,-0.07
3750061,-32.99,-2.00,-52,0.21,-0.01
3800061,-32.64,-2.00,-52,0.21,0.05
3850062,-32.46,-2.00,-52,0.21,0.01
3900065,-32.72,-2.00,-52,0.21,-0.04
3950065,-32.90,-2.00,-52,0.21,0.00
4000065,-32.81,-2.00,-52,0.21,0.05
4050065,-32.64,-2.00,-52,0.21,-0.00
4100065,-32.99,-2.00,-52,0.21,-0.04
4150065,-32.72,-2.00,-52,0.21,0.01
4200065,-32.46,-2.00,-52,0.21,0.01
4250065,-32.55,-2.00,-52,0.21,-0.05
4300065,-32.81,-2.00,-52,0.22,-0.06
4350065,-32.81,-2.00,-52,0.21,0.09
4400065,-32.55,-2.00,-52,0.21,-0.01
4450065,-32.90,-2.00,-52,0.21,0.05
4500065,-32.81,-2.00,-52,0.21,0.01
4550065,-32.81,-2.00,-52,0.21,-0.04
4600065,-32.46,-2.00,-52,0.21,-0.00
4650065,-32.72,-2.00,-52,0.22,-0.05
4700065,-32.81,-2.00,-52,0.21,-0.03
4750066,-32.72,-2.00,-52,0.22,0.05
4800069,-32.72,-2.00,-52,0.22,0.00
4850069,-32.72,-2.00,-52,0.22,-0.13
4900069,-32.90,-2.00,-52,0.22,0.04
4950069,-32.64,-2.00,-52,0.22,0.03
++++++++++++++++++++++++++++++++++++++++++++++++++++++
Enter a new Step Voltage: Starting new process at input voltage = -3
++++++++++++++++++++++++++++++++++++++++++++++++++++++
Step Voltage: 3.47
Sample Rate [ms]: 50
Run Time [ms]: 5000
Data format: time_stamp_us,wheel_speed_rad_sec,command_volt,command_pwm,pitch_rad,ang_vel_rad_s
-------------------------------------------------------
23,0.00,-3.00,-78,0.20,-0.03
50025,-15.27,-3.00,-78,0.20,-0.11
100025,-34.64,-3.00,-78,0.20,0.08
150025,-41.28,-3.00,-78,0.20,-0.08
200025,-45.12,-3.00,-78,0.20,0.09
250026,-47.38,-3.00,-78,0.19,0.04
300029,-47.91,-3.00,-78,0.19,0.12
350029,-48.87,-3.00,-78,0.19,-0.10
400029,-48.69,-3.00,-78,0.20,-0.03
450029,-49.04,-3.00,-78,0.20,-0.06
500029,-49.48,-3.00,-78,0.20,0.17
550029,-49.31,-3.00,-78,0.21,0.11
600029,-50.00,-3.00,-78,0.20,-0.01
650029,-49.39,-3.00,-78,0.20,-0.00
700029,-49.65,-3.00,-78,0.20,-0.01
750030,-49.30,-3.00,-78,0.20,-0.11
800033,-49.22,-3.00,-78,0.21,0.00
850033,-49.13,-3.00,-78,0.21,0.04
900033,-48.96,-3.00,-78,0.21,0.04
950033,-48.78,-3.00,-78,0.21,-0.10
1000033,-49.31,-3.00,-78,0.21,0.03
1050033,-49.57,-3.00,-78,0.21,0.10
1100033,-49.74,-3.00,-78,0.21,0.00
1150034,-49.65,-3.00,-78,0.21,0.04
1200037,-49.65,-3.00,-78,0.21,0.19
1250037,-49.48,-3.00,-78,0.21,-0.05
1300037,-48.78,-3.00,-78,0.20,-0.06
1350037,-49.13,-3.00,-78,0.21,-0.14
1400037,-49.31,-3.00,-78,0.21,-0.10
1450037,-49.39,-3.00,-78,0.21,0.11
1500037,-49.31,-3.00,-78,0.21,-0.21
1550037,-49.65,-3.00,-78,0.21,-0.02
1600037,-48.87,-3.00,-78,0.21,-0.06
1650037,-49.39,-3.00,-78,0.21,0.19
1700037,-49.13,-3.00,-78,0.21,0.12
1750037,-49.57,-3.00,-78,0.20,0.13
1800038,-49.65,-3.00,-78,0.21,-0.23
1850041,-49.30,-3.00,-78,0.20,0.14
1900041,-49.65,-3.00,-78,0.21,-0.14
1950041,-49.39,-3.00,-78,0.21,0.06
2000041,-49.74,-3.00,-78,0.21,-0.16
2050041,-49.65,-3.00,-78,0.21,-0.11
2100041,-49.39,-3.00,-78,0.21,0.01
2150041,-49.22,-3.00,-78,0.21,0.01
2200041,-48.87,-3.00,-78,0.21,0.04
2250041,-48.43,-3.00,-78,0.21,-0.04
2300041,-48.35,-3.00,-78,0.22,-0.34
2350041,-48.96,-3.00,-78,0.22,0.08
2400041,-49.31,-3.00,-78,0.22,0.08
2450041,-49.39,-3.00,-78,0.22,0.07
2500041,-49.83,-3.00,-78,0.22,-0.12
2550041,-49.92,-3.00,-78,0.22,-0.06
2600041,-49.22,-3.00,-78,0.23,0.09
2650041,-49.31,-3.00,-78,0.22,0.07
2700041,-48.69,-3.00,-78,0.22,0.10
2750041,-48.87,-3.00,-78,0.23,-0.16
2800041,-49.04,-3.00,-78,0.22,0.06
2850041,-49.04,-3.00,-78,0.22,0.07
2900041,-48.35,-3.00,-78,0.22,0.15
2950041,-47.82,-3.00,-78,0.22,-0.07
3000041,-48.43,-3.00,-78,0.22,0.01
3050041,-48.52,-3.00,-78,0.22,-0.22
3100041,-48.61,-3.00,-78,0.22,0.11
3150041,-48.96,-3.00,-78,0.22,0.32
3200041,-49.31,-3.00,-78,0.22,-0.16
3250041,-49.31,-3.00,-78,0.22,0.00
3300042,-48.87,-3.00,-78,0.22,-0.02
3350045,-48.34,-3.00,-78,0.22,-0.01
3400045,-48.35,-3.00,-78,0.22,0.01
3450046,-48.96,-3.00,-78,0.22,-0.06
3500049,-48.69,-3.00,-78,0.23,-0.14
3550049,-49.13,-3.00,-78,0.23,-0.11
3600049,-49.22,-3.00,-78,0.23,0.20
3650049,-48.96,-3.00,-78,0.23,-0.11
3700049,-49.65,-3.00,-78,0.23,-0.09
3750049,-49.48,-3.00,-78,0.22,-0.03
3800049,-49.48,-3.00,-78,0.22,-0.12
3850049,-49.31,-3.00,-78,0.23,0.06
3900049,-48.69,-3.00,-78,0.23,0.15
3950050,-49.83,-3.00,-78,0.23,0.04
4000053,-49.22,-3.00,-78,0.23,0.05
4050053,-49.74,-3.00,-78,0.23,0.04
4100053,-49.57,-3.00,-78,0.23,-0.15
4150054,-49.13,-3.00,-78,0.23,-0.04
4200054,-49.04,-3.00,-78,0.23,0.08
4250057,-49.13,-3.00,-78,0.23,-0.03
4300057,-49.31,-3.00,-78,0.23,-0.16
4350057,-49.48,-3.00,-78,0.23,-0.03
4400057,-49.04,-3.00,-78,0.23,0.03
4450057,-49.04,-3.00,-78,0.23,-0.05
4500057,-49.22,-3.00,-78,0.23,0.17
4550058,-49.13,-3.00,-78,0.23,-0.04
4600061,-49.48,-3.00,-78,0.24,-0.20
4650061,-49.57,-3.00,-78,0.24,-0.08
4700061,-49.92,-3.00,-78,0.24,0.00
4750061,-49.57,-3.00,-78,0.24,-0.02
4800061,-49.13,-3.00,-78,0.24,0.19
4850061,-49.83,-3.00,-78,0.24,-0.10
4900061,-49.31,-3.00,-78,0.24,-0.19
4950061,-48.96,-3.00,-78,0.24,-0.02
++++++++++++++++++++++++++++++++++++++++++++++++++++++
Enter a new Step Voltage: Starting new process at input voltage = -4
++++++++++++++++++++++++++++++++++++++++++++++++++++++
Step Voltage: 4.66
Sample Rate [ms]: 50
Run Time [ms]: 5000
Data format: time_stamp_us,wheel_speed_rad_sec,command_volt,command_pwm,pitch_rad,ang_vel_rad_s
-------------------------------------------------------
23,0.00,-4.00,-104,0.21,0.00
50024,-17.71,-4.00,-104,0.21,-0.15
100024,-42.85,-4.00,-104,0.22,-0.03
150024,-52.36,-4.00,-104,0.22,-0.11
200024,-57.68,-4.00,-104,0.22,0.19
250024,-58.64,-4.00,-104,0.21,-0.05
300024,-59.08,-4.00,-104,0.20,0.31
350024,-59.34,-4.00,-104,0.20,-0.13
400024,-59.52,-4.00,-104,-3.14,0.00
554426,-59.49,-4.00,-104,-3.14,0.00
657009,-58.87,-4.00,-104,-3.14,0.00
759549,-58.72,-4.00,-104,-3.14,0.00
862145,-59.16,-4.00,-104,-3.14,0.00
964699,-59.48,-4.00,-104,-3.14,0.00
1067261,-59.35,-4.00,-104,-3.14,0.00
1169816,-59.95,-4.00,-104,-3.14,0.00
1272390,-60.06,-4.00,-104,-3.14,0.00
1374969,-58.74,-4.00,-104,-3.14,0.00
1477506,-57.87,-4.00,-104,-3.14,0.00
1580097,-58.01,-4.00,-104,-3.14,0.00
1682646,-57.99,-4.00,-104,-3.14,0.00
1785202,-58.46,-4.00,-104,-3.14,0.00
1887762,-58.67,-4.00,-104,-3.14,0.00
1990330,-58.37,-4.00,-104,-3.14,0.00
2092902,-58.75,-4.00,-104,-3.14,0.00
2195433,-58.90,-4.00,-104,-3.14,0.00
2298017,-58.48,-4.00,-104,-3.14,0.00
2400559,-58.38,-4.00,-104,-3.14,0.00
2503155,-57.97,-4.00,-104,-3.14,0.00
2605710,-58.59,-4.00,-104,-3.14,0.00
2708273,-58.88,-4.00,-104,-3.14,0.00
2810840,-58.92,-4.00,-104,-3.14,0.00
2913416,-58.83,-4.00,-104,-3.14,0.00
3015998,-59.17,-4.00,-104,-3.14,0.00
3118537,-58.38,-4.00,-104,-3.14,0.00
3221131,-58.01,-4.00,-104,-3.14,0.00
3323684,-58.20,-4.00,-104,-3.14,0.00
3426244,-58.41,-4.00,-104,-3.14,0.00
3528807,-59.18,-4.00,-104,-3.14,0.00
3631380,-59.60,-4.00,-104,-3.14,0.00
3733959,-60.10,-4.00,-104,-3.14,0.00
3836494,-59.87,-4.00,-104,-3.14,0.00
3939084,-59.37,-4.00,-104,-3.14,0.00
4041632,-59.19,-4.00,-104,-3.14,0.00
4144187,-59.14,-4.00,-104,-3.14,0.00
4246745,-57.86,-4.00,-104,-3.14,0.00
4349311,-57.77,-4.00,-104,-3.14,0.00
4451882,-57.64,-4.00,-104,-3.14,0.00
4554411,-58.43,-4.00,-104,-3.14,0.00
4656993,-58.40,-4.00,-104,-3.14,0.00
4759532,-58.68,-4.00,-104,-3.14,0.00
4862125,-58.44,-4.00,-104,-3.14,0.00
4964677,-58.38,-4.00,-104,-3.14,0.00
++++++++++++++++++++++++++++++++++++++++++++++++++++++
Enter a new Step Voltage: 