Serial initialized!
Starting new process at wheel ref = 0
++++++++++++++++++++++++++++++++++++++++++++++++++++++
Reference Wheel: 0
B_U1: 1.15000000
B_U2: -0.15000000
B_E0: 0.14000000
B_E1: -0.08400000
B_E2: 0.00700000
Sample Rate [ms]: 50
Step Started [ms]: 1000
Run Time [ms]: 3000
Data format: time_stamp_us,wheel_speed_rad_sec,command_volt,command_pwm,pitch_rad,ang_vel_rad_s
-------------------------------------------------------
23,0.00,0.00,0,0.10,0.00
50024,0.00,0.00,0,0.10,0.00
100024,0.00,0.00,0,0.10,0.00
150024,0.00,0.00,0,0.10,0.00
200024,0.00,0.00,0,0.10,0.00
250024,0.00,0.00,0,0.10,0.00
300024,0.00,0.00,0,0.10,0.00
350027,0.00,0.00,0,0.10,0.00
400028,0.00,0.00,0,0.10,0.00
450028,0.00,0.00,0,0.10,0.00
500028,0.00,0.00,0,0.10,-0.00
550028,0.00,0.00,0,0.10,-0.00
600031,0.00,0.00,0,0.10,0.00
650031,0.00,0.00,0,0.10,-0.00
700032,0.00,0.00,0,0.10,0.00
750032,0.00,0.00,0,0.10,0.00
800035,0.00,0.00,0,0.10,0.00
850036,0.00,0.00,0,0.10,0.00
900036,0.00,0.00,0,0.10,0.00
950036,0.00,0.00,0,0.10,0.00
1000039,0.00,0.00,0,0.10,0.00
1050040,0.00,0.00,0,0.10,0.00
1100043,0.00,0.00,0,0.10,-0.00
1150044,0.00,0.00,0,0.10,0.00
1200044,0.00,0.00,0,0.10,0.00
1250044,0.00,0.00,0,0.10,-0.00
1300045,0.00,0.00,0,0.10,-0.00
1350047,0.00,0.00,0,0.10,-0.00
1400048,0.00,0.00,0,0.10,0.00
1450048,0.00,0.00,0,0.10,-0.00
1500048,0.00,0.00,0,0.10,0.00
1550048,0.00,0.00,0,0.10,-0.00
1600048,0.00,0.00,0,0.10,-0.00
1650048,0.00,0.00,0,0.10,0.00
1700048,0.00,0.00,0,0.10,-0.00
1750048,0.00,0.00,0,0.10,-0.00
1800048,0.00,0.00,0,0.10,0.00
1850051,0.00,0.00,0,0.10,-0.00
1900051,0.00,0.00,0,0.10,-0.00
1950052,0.00,0.00,0,0.10,0.00
2000052,0.00,0.00,0,0.10,0.00
2050052,0.00,0.00,0,0.10,0.00
2100052,0.00,0.00,0,0.10,0.00
2150052,0.00,0.00,0,0.10,0.00
2200052,0.00,0.00,0,0.10,0.00
2250052,0.00,0.00,0,0.10,-0.00
2300052,0.00,0.00,0,0.10,0.00
2350052,0.00,0.00,0,0.10,-0.00
2400052,0.00,0.00,0,0.10,0.00
2450052,0.00,0.00,0,0.10,0.00
2500052,0.00,0.00,0,0.10,-0.00
2550052,0.00,0.00,0,0.10,-0.00
2600055,0.00,0.00,0,0.10,0.00
2650056,0.00,0.00,0,0.10,0.00
2700059,0.00,0.00,0,0.10,0.00
2750059,0.00,0.00,0,0.10,0.00
2800060,0.00,0.00,0,0.10,0.00
2850060,0.00,0.00,0,0.10,0.00
2900060,0.00,0.00,0,0.10,0.00
2950063,0.00,0.00,0,0.10,-0.00
3000064,0.00,0.00,0,0.10,-0.00
3050067,0.00,0.00,0,0.10,0.00
3100068,0.00,0.00,0,0.10,0.00
3150068,0.00,0.00,0,0.10,0.00
3200071,0.00,0.00,0,0.10,0.00
3250071,0.00,0.00,0,0.10,-0.00
3300071,0.00,0.00,0,0.10,0.00
3350072,0.00,0.00,0,0.10,0.00
3400072,0.00,0.00,0,0.10,0.00
3450072,0.00,0.00,0,0.10,0.00
3500072,0.00,0.00,0,0.10,0.00
3550072,0.00,0.00,0,0.10,0.00
3600072,0.00,0.00,0,0.10,-0.00
3650075,0.00,0.00,0,0.10,-0.00
3700076,0.00,0.00,0,0.10,-0.00
3750076,0.00,0.00,0,0.10,-0.00
3800076,0.00,0.00,0,0.10,-0.00
3850076,0.00,0.00,0,0.10,-0.00
3900076,0.00,0.00,0,0.10,0.00
3950076,0.00,0.00,0,0.10,0.00
4000076,0.00,0.00,0,0.10,-0.00
4050076,0.00,0.00,0,0.10,-0.00
4100076,0.00,0.00,0,0.10,0.00
4150076,0.00,0.00,0,0.10,0.00
4200076,0.00,0.00,0,0.10,0.00
4250076,0.00,0.00,0,0.10,-0.00
4300076,0.00,0.00,0,0.10,0.00
4350076,0.00,0.00,0,0.10,0.00
4400076,0.00,0.00,0,0.10,0.00
4450076,0.00,0.00,0,0.10,0.00
4500076,0.00,0.00,0,0.10,0.00
4550076,0.00,0.00,0,0.10,0.00
4600076,0.00,0.00,0,0.10,0.00
4650076,0.00,0.00,0,0.10,-0.00
4700076,0.00,0.00,0,0.10,-0.00
4750076,0.00,0.00,0,0.10,0.00
4800076,0.00,0.00,0,0.10,-0.00
4850076,0.00,0.00,0,0.10,0.00
4900076,0.00,0.00,0,0.10,-0.00
4950076,0.00,0.00,0,0.10,0.00
++++++++++++++++++++++++++++++++++++++++++++++++++++++
Enter a new Wheel Ref (keep under 7.5s to match sim max current of 15A): Starting new process at wheel ref = 5
++++++++++++++++++++++++++++++++++++++++++++++++++++++
Reference Wheel: 5
B_U1: 1.15000000
B_U2: -0.15000000
B_E0: 0.14000000
B_E1: -0.08400000
B_E2: 0.00700000
Sample Rate [ms]: 50
Step Started [ms]: 1000
Run Time [ms]: 3000
Data format: time_stamp_us,wheel_speed_rad_sec,command_volt,command_pwm,pitch_rad,ang_vel_rad_s
-------------------------------------------------------
23,0.00,0.00,0,0.20,0.01
50024,0.00,0.00,0,0.20,0.00
100025,0.00,0.00,0,0.20,-0.01
150028,0.00,0.00,0,0.20,0.00
200029,0.00,0.00,0,0.20,0.01
250029,0.00,0.00,0,0.20,0.03
300029,0.00,0.00,0,0.20,0.01
350029,0.00,0.00,0,0.20,0.01
400029,0.00,0.00,0,0.20,0.01
450029,0.00,0.00,0,0.20,-0.00
500029,0.00,0.00,0,0.20,-0.01
550029,0.00,0.00,0,0.20,0.02
600029,0.00,0.00,0,0.20,-0.01
650029,0.00,0.00,0,0.20,-0.01
700029,0.00,0.00,0,0.20,0.01
750029,0.00,0.00,0,0.20,-0.01
800029,0.00,0.00,0,0.20,0.00
850029,0.00,0.00,0,0.20,0.01
900032,0.00,0.00,0,0.20,0.01
950033,0.00,0.00,0,0.20,-0.01
1000033,0.00,0.70,16,0.20,0.02
1050033,2.79,0.69,16,0.20,-0.05
1100033,6.37,0.35,8,0.20,0.02
1150033,6.20,0.26,6,0.20,0.02
1200033,4.63,0.39,9,0.20,0.01
1250033,3.93,0.52,12,0.20,0.00
1300033,4.89,0.47,10,0.20,-0.00
1350036,5.41,0.40,9,0.20,0.00
1400037,4.97,0.43,10,0.20,0.01
1450041,4.97,0.43,10,0.20,-0.02
1500041,5.06,0.42,9,0.20,0.02
1550044,4.89,0.44,10,0.20,-0.00
1600045,4.89,0.45,10,0.20,-0.00
1650045,4.80,0.47,10,0.20,0.01
1700045,4.71,0.50,11,0.20,-0.01
1750045,5.15,0.46,10,0.21,-0.00
1800045,5.24,0.44,10,0.21,0.01
1850045,5.15,0.43,10,0.21,0.01
1900045,4.80,0.47,10,0.21,-0.00
1950045,4.54,0.52,12,0.21,-0.00
2000048,4.62,0.55,12,0.21,-0.00
2050049,5.15,0.50,11,0.21,-0.01
2100049,5.24,0.47,11,0.21,0.01
2150049,4.97,0.49,11,0.21,-0.00
2200049,4.97,0.50,11,0.21,-0.00
2250049,5.15,0.47,10,0.21,-0.01
2300049,5.15,0.46,10,0.21,-0.00
2350049,5.24,0.44,10,0.21,-0.00
2400049,5.24,0.42,9,0.21,0.00
2450049,5.06,0.43,9,0.21,-0.00
2500049,4.63,0.48,11,0.21,-0.03
2550049,4.89,0.48,11,0.21,0.03
2600049,5.41,0.41,9,0.21,-0.02
2650049,5.32,0.39,9,0.21,0.01
2700049,4.80,0.44,10,0.21,-0.00
2750049,4.80,0.46,10,0.21,-0.00
2800049,4.97,0.45,10,0.21,-0.01
2850049,4.97,0.45,10,0.21,-0.01
2900049,5.15,0.43,9,0.21,0.01
2950049,4.89,0.45,10,0.21,0.03
3000049,4.80,0.47,10,0.21,-0.03
3050049,4.71,0.50,11,0.21,-0.00
3100049,4.89,0.50,11,0.21,-0.00
3150049,5.24,0.46,10,0.21,0.01
3200049,5.41,0.41,9,0.21,0.00
3250049,4.80,0.47,10,0.21,-0.00
3300049,4.10,0.58,13,0.21,0.00
3350052,4.01,0.66,15,0.21,0.00
3400052,5.41,0.54,12,0.21,0.01
3450053,6.37,0.37,8,0.21,-0.00
3500053,5.59,0.38,8,0.21,0.01
3550053,4.54,0.48,11,0.21,-0.00
3600053,4.71,0.50,11,0.21,-0.01
3650053,5.32,0.43,10,0.21,0.01
3700053,5.41,0.39,9,0.21,-0.01
3750053,5.15,0.40,9,0.21,0.00
3800053,4.71,0.45,10,0.21,-0.02
3850053,4.80,0.46,10,0.21,0.00
3900053,4.97,0.45,10,0.21,0.02
3950053,5.24,0.42,9,0.21,-0.01
4000053,4.89,0.00,0,0.21,-0.01
4050053,3.05,0.00,0,0.21,0.05
4100056,0.26,0.00,0,0.21,-0.02
4150057,-0.17,0.00,0,0.21,-0.01
4200057,0.00,0.00,0,0.21,0.01
4250057,0.00,0.00,0,0.21,-0.01
4300057,0.00,0.00,0,0.21,0.00
4350057,0.00,0.00,0,0.21,0.02
4400057,0.00,0.00,0,0.21,-0.02
4450057,0.00,0.00,0,0.21,-0.01
4500057,0.00,0.00,0,0.21,0.03
4550057,0.00,0.00,0,0.21,-0.01
4600057,0.00,0.00,0,0.21,-0.01
4650057,0.00,0.00,0,0.21,-0.03
4700057,0.00,0.00,0,0.21,0.02
4750057,0.00,0.00,0,0.21,0.00
4800057,0.00,0.00,0,0.21,0.01
4850057,0.00,0.00,0,0.21,0.03
4900057,0.00,0.00,0,0.21,-0.01
4950057,0.00,0.00,0,0.21,0.02
++++++++++++++++++++++++++++++++++++++++++++++++++++++
Enter a new Wheel Ref (keep under 7.5s to match sim max current of 15A): Starting new process at wheel ref = 30
++++++++++++++++++++++++++++++++++++++++++++++++++++++
Reference Wheel: 30
B_U1: 1.15000000
B_U2: -0.15000000
B_E0: 0.14000000
B_E1: -0.08400000
B_E2: 0.00700000
Sample Rate [ms]: 50
Step Started [ms]: 1000
Run Time [ms]: 3000
Data format: time_stamp_us,wheel_speed_rad_sec,command_volt,command_pwm,pitch_rad,ang_vel_rad_s
-------------------------------------------------------
24,0.00,0.00,0,0.20,0.01
50026,0.00,0.00,0,0.20,0.02
100026,0.00,0.00,0,0.20,0.02
150027,0.00,0.00,0,0.20,-0.01
200027,0.00,0.00,0,0.20,-0.00
250027,0.00,0.00,0,0.20,-0.02
300027,0.00,0.00,0,0.20,0.01
350030,0.00,0.00,0,0.20,0.00
400031,0.00,0.00,0,0.20,-0.01
450031,0.00,0.00,0,0.20,-0.01
500034,0.00,0.00,0,0.20,0.02
550035,0.00,0.00,0,0.20,0.03
600039,0.00,0.00,0,0.20,0.01
650039,0.00,0.00,0,0.20,-0.04
700039,0.00,0.00,0,0.20,-0.01
750039,0.00,0.00,0,0.20,0.01
800039,0.00,0.00,0,0.20,0.01
850039,0.00,0.00,0,0.20,-0.00
900039,0.00,0.00,0,0.20,-0.01
950039,0.00,0.00,0,0.20,0.00
1000039,0.00,4.20,97,0.20,0.00
1050039,15.97,4.27,99,0.21,-0.25
1100039,38.22,2.17,50,0.21,0.13
1150039,40.49,1.17,27,0.20,0.21
1200039,31.07,1.69,39,0.20,0.16
1250039,24.87,2.51,58,0.19,-0.00
1300039,27.84,2.49,57,0.20,-0.10
1350039,31.59,2.12,49,0.20,0.02
1400039,32.38,1.88,43,0.20,0.06
1450039,30.11,2.02,46,0.19,0.03
1500039,28.62,2.23,51,0.19,-0.01
1550039,29.15,2.26,52,0.19,0.03
1600042,30.63,2.12,49,0.19,0.01
1650042,30.89,2.03,47,0.19,-0.04
1700043,30.19,2.06,47,0.19,0.00
1750047,29.06,2.20,51,0.19,0.02
1800047,29.76,2.18,50,0.19,0.00
1850047,30.63,2.07,48,0.19,-0.01
1900047,30.54,2.04,47,0.19,-0.01
1950047,29.58,2.13,49,0.19,0.02
2000047,29.41,2.19,50,0.19,0.03
2050047,30.46,2.09,48,0.19,0.00
2100047,30.28,2.08,48,0.19,-0.02
2150047,29.58,2.15,49,0.19,-0.02
2200047,29.67,2.17,50,0.19,0.01
2250047,30.19,2.12,49,0.19,-0.02
2300047,30.63,2.05,47,0.19,-0.01
2350047,29.85,2.11,48,0.19,-0.01
2400047,29.41,2.18,50,0.19,-0.01
2450047,30.11,2.13,49,0.19,-0.01
2500047,30.46,2.07,48,0.20,-0.01
2550047,30.11,2.09,48,0.19,0.02
2600047,29.58,2.15,49,0.19,0.03
2650047,29.93,2.14,49,0.19,0.02
2700047,30.28,2.09,48,0.19,-0.01
2750047,30.11,2.09,48,0.19,0.00
2800047,29.58,2.16,50,0.19,0.01
2850047,30.02,2.13,49,0.19,-0.01
2900047,30.46,2.07,47,0.19,-0.06
2950047,30.11,2.08,48,0.19,-0.01
3000047,29.41,2.17,50,0.19,0.04
3050047,30.02,2.13,49,0.19,0.02
3100050,30.54,2.06,47,0.19,0.03
3150051,30.11,2.08,48,0.19,-0.02
3200051,29.58,2.14,49,0.19,0.01
3250051,29.58,2.17,50,0.19,0.04
3300051,30.28,2.11,48,0.19,0.03
3350051,30.46,2.06,47,0.19,-0.02
3400051,29.67,2.14,49,0.19,-0.01
3450051,29.50,2.19,50,0.19,0.03
3500051,30.37,2.10,48,0.19,0.01
3550051,30.63,2.04,47,0.19,0.00
3600051,29.67,2.12,49,0.19,0.02
3650051,29.41,2.19,50,0.19,0.01
3700051,30.19,2.12,49,0.19,-0.01
3750051,30.63,2.04,47,0.19,-0.01
3800051,30.11,2.07,47,0.19,-0.03
3850051,29.15,2.20,50,0.19,-0.02
3900051,29.85,2.17,50,0.19,-0.04
3950051,30.46,2.09,48,0.19,0.01
4000051,30.37,0.00,0,0.19,-0.02
4050051,19.90,0.00,0,0.19,0.18
4100051,5.76,0.00,0,0.19,0.03
4150051,0.87,0.00,0,0.19,-0.09
4200051,0.00,0.00,0,0.19,-0.03
4250051,0.00,0.00,0,0.19,-0.03
4300051,0.00,0.00,0,0.19,-0.01
4350051,0.00,0.00,0,0.20,0.01
4400054,0.00,0.00,0,0.19,0.02
4450055,0.00,0.00,0,0.19,-0.00
4500055,0.00,0.00,0,0.20,-0.04
4550055,0.00,0.00,0,0.20,-0.03
4600055,0.00,0.00,0,0.20,-0.01
4650055,0.00,0.00,0,0.20,-0.01
4700058,0.00,0.00,0,0.20,-0.00
4750059,0.00,0.00,0,0.20,0.01
4800059,0.00,0.00,0,0.20,0.00
4850059,0.00,0.00,0,0.20,-0.01
4900059,0.00,0.00,0,0.20,-0.01
4950059,0.00,0.00,0,0.20,0.00
++++++++++++++++++++++++++++++++++++++++++++++++++++++
Enter a new Wheel Ref (keep under 7.5s to match sim max current of 15A): Starting new process at wheel ref = -30
++++++++++++++++++++++++++++++++++++++++++++++++++++++
Reference Wheel: -30
B_U1: 1.15000000
B_U2: -0.15000000
B_E0: 0.14000000
B_E1: -0.08400000
B_E2: 0.00700000
Sample Rate [ms]: 50
Step Started [ms]: 1000
Run Time [ms]: 3000
Data format: time_stamp_us,wheel_speed_rad_sec,command_volt,command_pwm,pitch_rad,ang_vel_rad_s
-------------------------------------------------------
24,0.00,0.00,0,0.20,-0.01
50026,0.00,0.00,0,0.20,-0.04
100029,0.00,0.00,0,0.20,0.02
150030,0.00,0.00,0,0.20,0.02
200033,0.00,0.00,0,0.20,-0.02
250033,0.00,0.00,0,0.20,-0.02
300033,0.00,0.00,0,0.20,0.01
350033,0.00,0.00,0,0.20,-0.00
400034,0.00,0.00,0,0.20,0.02
450037,0.00,0.00,0,0.20,0.00
500038,0.00,0.00,0,0.20,-0.01
550038,0.00,0.00,0,0.20,0.00
600038,0.00,0.00,0,0.20,-0.01
650038,0.00,0.00,0,0.20,0.00
700038,0.00,0.00,0,0.20,0.00
750038,0.00,0.00,0,0.20,0.01
800038,0.00,0.00,0,0.20,0.01
850041,0.00,0.00,0,0.20,0.01
900042,0.00,0.00,0,0.20,-0.01
950046,0.00,0.00,0,0.20,0.00
1000049,0.00,-4.20,-97,0.20,-0.01
1050050,-16.49,-4.20,-97,0.20,0.27
1100050,-39.36,-1.97,-45,0.19,0.10
1150050,-40.84,-0.99,-23,0.19,-0.29
1200050,-28.80,-1.86,-43,0.20,-0.07
1250050,-23.56,-2.72,-62,0.20,0.05
1300053,-28.62,-2.51,-58,0.20,0.03
1350054,-33.07,-1.97,-45,0.20,0.00
1400054,-31.94,-1.89,-43,0.20,-0.04
1450054,-28.80,-2.19,-50,0.20,0.03
1500054,-28.36,-2.35,-54,0.20,0.01
1550057,-30.37,-2.19,-50,0.20,0.02
1600058,-31.07,-2.06,-47,0.20,-0.02
1650058,-30.02,-2.12,-49,0.20,-0.03
1700058,-29.50,-2.20,-50,0.20,0.03
1750061,-30.02,-2.16,-50,0.20,-0.02
1800062,-30.19,-2.14,-49,0.20,-0.02
1850062,-30.11,-2.13,-49,0.20,0.01
1900062,-29.85,-2.16,-50,0.20,0.01
1950062,-30.02,-2.15,-49,0.20,-0.01
2000062,-30.11,-2.14,-49,0.20,0.01
2050062,-29.93,-2.15,-49,0.20,-0.02
2100062,-29.93,-2.16,-50,0.20,0.00
2150062,-29.93,-2.16,-50,0.20,0.02
2200062,-30.28,-2.12,-49,0.20,0.00
2250062,-30.11,-2.12,-49,0.20,0.02
2300062,-29.93,-2.14,-49,0.20,0.01
2350062,-29.76,-2.17,-50,0.20,-0.02
2400062,-30.11,-2.14,-49,0.20,-0.00
2450062,-30.19,-2.12,-49,0.20,-0.07
2500062,-29.85,-2.15,-49,0.20,-0.04
2550065,-29.76,-2.18,-50,0.20,0.02
2600066,-29.93,-2.17,-50,0.20,0.01
2650066,-30.37,-2.11,-48,0.20,0.04
2700066,-29.85,-2.16,-50,0.20,0.00
2750069,-29.84,-2.17,-50,0.20,0.03
2800070,-30.19,-2.13,-49,0.20,-0.01
2850070,-30.11,-2.13,-49,0.20,0.01
2900070,-29.93,-2.15,-49,0.20,-0.02
2950070,-29.67,-2.19,-50,0.20,-0.01
3000070,-29.93,-2.18,-50,0.20,-0.01
3050073,-30.37,-2.12,-49,0.20,-0.03
3100074,-30.19,-2.12,-49,0.20,0.01
3150074,-29.85,-2.15,-49,0.20,-0.01
3200074,-29.76,-2.18,-50,0.20,0.00
3250074,-30.02,-2.16,-50,0.20,-0.01
3300074,-30.19,-2.13,-49,0.20,0.02
3350074,-30.02,-2.14,-49,0.20,0.01
3400074,-29.93,-2.15,-49,0.20,0.02
3450074,-29.85,-2.17,-50,0.20,0.01
3500074,-30.19,-2.13,-49,0.20,0.01
3550074,-30.11,-2.13,-49,0.20,-0.01
3600074,-29.85,-2.16,-50,0.20,-0.00
3650074,-30.02,-2.15,-49,0.20,-0.01
3700074,-30.11,-2.13,-49,0.20,-0.02
3750074,-29.85,-2.16,-50,0.20,0.00
3800074,-29.93,-2.16,-50,0.20,0.07
3850074,-30.28,-2.12,-49,0.20,-0.01
3900074,-30.19,-2.11,-48,0.20,0.00
3950074,-29.76,-2.15,-49,0.20,-0.03
4000074,-29.58,0.00,0,0.20,0.00
4050074,-19.37,0.00,0,0.20,-0.16
4100074,-5.67,0.00,0,0.20,0.01
4150074,-1.05,0.00,0,0.20,0.04
4200074,0.09,0.00,0,0.20,0.03
4250074,0.00,0.00,0,0.20,0.05
4300074,0.00,0.00,0,0.20,0.01
4350074,0.00,0.00,0,0.20,0.00
4400074,0.00,0.00,0,0.20,-0.00
4450074,0.00,0.00,0,0.20,-0.00
4500074,0.00,0.00,0,0.20,0.00
4550074,0.00,0.00,0,0.20,0.01
4600074,0.00,0.00,0,0.20,0.01
4650074,0.00,0.00,0,0.20,0.01
4700074,0.00,0.00,0,0.20,0.01
4750074,0.00,0.00,0,0.20,0.00
4800074,0.00,0.00,0,0.20,-0.01
4850074,0.00,0.00,0,0.20,-0.01
4900074,0.00,0.00,0,0.20,0.01
4950074,0.00,0.00,0,0.20,-0.00
++++++++++++++++++++++++++++++++++++++++++++++++++++++
Enter a new Wheel Ref (keep under 7.5s to match sim max current of 15A): Starting new process at wheel ref = 80
++++++++++++++++++++++++++++++++++++++++++++++++++++++
Reference Wheel: 80
B_U1: 1.15000000
B_U2: -0.15000000
B_E0: 0.14000000
B_E1: -0.08400000
B_E2: 0.00700000
Sample Rate [ms]: 50
Step Started [ms]: 1000
Run Time [ms]: 3000
Data format: time_stamp_us,wheel_speed_rad_sec,command_volt,command_pwm,pitch_rad,ang_vel_rad_s
-------------------------------------------------------
23,0.00,0.00,0,0.18,-0.02
50023,0.00,0.00,0,0.18,-0.01
100026,0.00,0.00,0,0.19,-0.00
150027,0.00,0.00,0,0.18,0.04
200030,0.00,0.00,0,0.18,0.01
250030,0.00,0.00,0,0.18,0.00
300031,0.00,0.00,0,0.18,0.01
350031,0.00,0.00,0,0.18,0.02
400034,0.00,0.00,0,0.18,-0.03
450035,0.00,0.00,0,0.18,0.00
500035,0.00,0.00,0,0.18,-0.02
550035,0.00,0.00,0,0.18,-0.01
600038,0.00,0.00,0,0.18,-0.02
650039,0.00,0.00,0,0.18,-0.08
700039,0.00,0.00,0,0.19,-0.07
750039,0.00,0.00,0,0.19,0.04
800039,0.00,0.00,0,0.19,0.00
850039,0.00,0.00,0,0.19,-0.02
900039,0.00,0.00,0,0.19,0.06
950039,0.00,0.00,0,0.19,0.08
1000039,0.00,11.20,255,0.19,0.02
1050039,13.26,15.50,255,0.19,-0.14
1100039,39.10,16.83,255,0.19,0.02
1150039,58.56,17.06,255,0.19,0.24
1200042,74.35,16.37,255,0.19,0.06
1250043,89.36,14.63,255,0.19,0.06
1300043,102.80,12.01,255,0.18,0.21
1350043,115.02,8.56,198,0.18,0.12
1400043,119.21,5.34,123,0.19,0.12
1450043,111.44,3.50,81,0.19,-0.05
1500043,91.98,3.91,90,0.19,0.05
1550043,74.61,5.52,127,0.19,0.05
1600043,69.29,6.72,155,0.19,-0.08
1650043,74.53,6.80,157,0.19,-0.18
1700043,82.03,6.15,142,0.18,0.18
1750043,85.17,5.53,128,0.17,0.03
1800043,84.82,5.19,120,0.17,0.01
1850043,81.33,5.32,123,0.18,-0.02
1900043,78.80,5.58,129,0.19,0.01
1950043,77.41,5.88,136,0.19,-0.00
2000043,78.89,5.87,135,0.19,0.10
2050043,80.72,5.69,131,0.18,0.08
2100047,80.89,5.61,129,0.18,-0.17
2150047,80.81,5.55,128,0.18,0.10
2200047,80.37,5.55,128,0.18,0.12
2250047,80.11,5.56,128,0.18,-0.05
2300047,79.85,5.59,129,0.18,-0.02
2350047,79.59,5.64,130,0.19,-0.02
2400047,80.29,5.57,129,0.19,0.22
2450047,80.29,5.55,128,0.18,-0.04
2500047,79.76,5.60,129,0.18,-0.27
2550047,79.59,5.65,130,0.19,0.16
2600047,79.67,5.66,131,0.18,0.03
2650047,80.72,5.54,128,0.19,-0.15
2700047,80.90,5.46,126,0.18,0.22
2750047,79.67,5.56,129,0.19,-0.16
2800047,79.06,5.68,131,0.18,0.04
2850047,78.54,5.82,134,0.18,0.06
2900047,78.71,5.91,136,0.17,0.03
2950047,80.20,5.80,134,0.18,-0.25
3000047,81.77,5.56,128,0.17,0.07
3050047,81.16,5.51,127,0.17,0.05
3100047,79.67,5.63,130,0.17,-0.16
3150047,79.33,5.71,132,0.18,-0.15
3200047,79.59,5.72,132,0.17,0.08
3250047,80.37,5.64,130,0.18,0.00
3300047,80.29,5.62,130,0.19,-0.18
3350047,80.55,5.57,129,0.18,-0.05
3400047,79.67,5.65,130,0.19,0.05
3450047,80.02,5.62,130,0.20,0.02
3500047,80.11,5.61,130,0.19,0.08
3550047,79.67,5.66,131,0.20,-0.05
3600047,79.15,5.76,133,0.19,0.12
3650047,80.20,5.68,131,0.20,-0.08
3700047,80.98,5.55,128,0.20,-0.03
3750047,80.29,5.57,129,0.21,-0.03
3800047,79.94,5.60,129,0.20,0.03
3850047,79.67,5.65,130,0.20,0.10
3900047,79.24,5.73,132,0.20,-0.08
3950047,79.50,5.75,133,0.20,-0.02
4000047,79.85,0.00,0,0.20,-0.12
4050047,53.58,0.00,0,0.20,0.10
4100047,15.71,0.00,0,0.20,-0.01
4150047,3.40,0.00,0,0.20,-0.20
4200047,0.09,0.00,0,0.20,-0.00
4250047,-0.09,0.00,0,0.20,-0.01
4300047,0.00,0.00,0,0.20,-0.00
4350047,0.00,0.00,0,0.20,0.00
4400047,0.00,0.00,0,0.20,-0.00
4450047,0.00,0.00,0,0.20,0.00
4500047,0.00,0.00,0,0.20,-0.00
4550047,0.00,0.00,0,0.20,0.00
4600047,0.00,0.00,0,0.20,-0.00
4650047,0.00,0.00,0,0.20,0.00
4700047,0.00,0.00,0,0.20,0.00
4750047,0.00,0.00,0,0.20,0.00
4800047,0.00,0.00,0,0.20,0.00
4850047,0.00,0.00,0,0.19,-0.00
4900047,0.00,0.00,0,0.19,0.00
4950047,0.00,0.00,0,0.19,0.00
++++++++++++++++++++++++++++++++++++++++++++++++++++++
Enter a new Wheel Ref (keep under 7.5s to match sim max current of 15A): Starting new process at wheel ref = -100
++++++++++++++++++++++++++++++++++++++++++++++++++++++
Reference Wheel: -100
B_U1: 1.15000000
B_U2: -0.15000000
B_E0: 0.14000000
B_E1: -0.08400000
B_E2: 0.00700000
Sample Rate [ms]: 50
Step Started [ms]: 1000
Run Time [ms]: 3000
Data format: time_stamp_us,wheel_speed_rad_sec,command_volt,command_pwm,pitch_rad,ang_vel_rad_s
-------------------------------------------------------
24,0.00,0.00,0,0.18,0.00
50024,0.00,0.00,0,0.18,0.00
100024,0.00,0.00,0,0.18,-0.01
150027,0.00,0.00,0,0.18,0.00
200028,0.00,0.00,0,0.18,0.00
250031,0.00,0.00,0,0.18,0.01
300032,0.00,0.00,0,0.18,-0.00
350032,0.00,0.00,0,0.18,0.00
400032,0.00,0.00,0,0.18,-0.00
450035,0.00,0.00,0,0.18,0.00
500036,0.00,0.00,0,0.18,-0.00
550036,0.00,0.00,0,0.18,0.01
600036,0.00,0.00,0,0.18,0.00
650036,0.00,0.00,0,0.18,0.00
700036,0.00,0.00,0,0.18,-0.00
750039,0.00,0.00,0,0.18,-0.00
800039,0.00,0.00,0,0.18,0.01
850040,0.00,0.00,0,0.18,-0.01
900040,0.00,0.00,0,0.18,-0.01
950040,0.00,0.00,0,0.18,-0.00
1000040,0.00,-14.00,-255,0.18,-0.00
1050040,-13.18,-19.86,-255,0.18,0.04
1100040,-40.23,-22.51,-255,0.18,-0.00
1150040,-62.22,-23.78,-255,0.18,-0.05
1200040,-81.16,-23.86,-255,0.18,0.12
1250040,-99.57,-22.61,-255,0.18,0.13
1300040,-116.33,-20.23,-255,0.18,-0.23
1350040,-127.15,-17.45,-255,0.18,-0.00
1400044,-134.03,-14.43,-255,0.17,0.32
1450044,-138.67,-11.24,-255,0.17,0.01
1500044,-140.15,-8.15,-188,0.17,-0.17
1550044,-137.18,-5.58,-129,0.18,-0.05
1600044,-126.10,-4.38,-101,0.18,-0.18
1650044,-108.56,-4.94,-114,0.18,0.11
1700044,-93.11,-6.52,-151,0.18,0.09
1750044,-88.40,-7.74,-179,0.18,-0.05
1800044,-94.68,-7.74,-179,0.18,0.07
1850044,-102.19,-7.07,-163,0.19,-0.06
1900044,-103.50,-6.70,-155,0.19,-0.09
1950044,-100.44,-6.86,-159,0.19,-0.31
2000044,-99.40,-6.99,-161,0.19,-0.11
2050044,-98.96,-7.10,-164,0.19,-0.06
2100044,-100.09,-7.02,-162,0.19,0.00
2150044,-100.88,-6.90,-159,0.19,0.06
2200044,-100.01,-6.95,-161,0.19,-0.16
2250044,-99.92,-6.96,-161,0.19,0.06
2300044,-99.92,-6.97,-161,0.19,0.11
2350044,-100.18,-6.94,-160,0.18,0.13
2400044,-99.83,-6.97,-161,0.18,-0.04
2450044,-99.57,-7.02,-162,0.18,-0.00
2500044,-99.22,-7.11,-164,0.18,-0.06
2550044,-99.92,-7.07,-163,0.17,0.19
2600044,-100.44,-7.00,-162,0.17,0.04
2650044,-100.53,-6.95,-161,0.17,-0.05
2700044,-100.27,-6.95,-161,0.16,0.02
2750044,-100.01,-6.97,-161,0.17,-0.06
2800044,-100.01,-6.97,-161,0.17,-0.03
2850044,-99.75,-7.00,-162,0.17,-0.00
2900044,-100.01,-6.98,-161,0.17,-0.19
2950044,-99.57,-7.04,-163,0.17,0.02
3000044,-99.92,-7.03,-162,0.17,-0.14
3050044,-99.13,-7.14,-165,0.18,-0.18
3100044,-100.18,-7.06,-163,0.18,0.12
3150044,-100.62,-6.99,-161,0.18,-0.09
3200044,-100.18,-7.00,-162,0.18,-0.11
3250044,-99.40,-7.10,-164,0.17,-0.09
3300044,-100.27,-7.02,-162,0.17,0.03
3350044,-100.18,-7.01,-162,0.17,0.09
3400044,-100.36,-6.97,-161,0.17,-0.08
3450044,-100.44,-6.94,-160,0.18,-0.10
3500044,-100.09,-6.95,-161,0.18,-0.02
3550044,-100.01,-6.96,-161,0.18,-0.01
3600044,-99.05,-7.09,-164,0.18,0.03
3650044,-99.48,-7.10,-164,0.17,0.23
3700044,-100.09,-7.06,-163,0.17,0.03
3750044,-100.97,-6.92,-160,0.17,0.16
3800044,-100.44,-6.92,-160,0.17,-0.02
3850044,-100.09,-6.94,-160,0.17,0.01
3900044,-100.27,-6.91,-160,0.18,-0.21
3950044,-99.31,-7.02,-162,0.18,-0.06
4000044,-98.61,0.00,0,0.18,0.06
4050044,-78.80,0.00,0,0.18,0.05
4100044,-36.48,0.00,0,0.18,-0.05
4150044,-8.99,0.00,0,0.18,0.01
4200044,-1.57,0.00,0,0.18,-0.00
4250044,0.09,0.00,0,0.18,0.00
4300044,-0.09,0.00,0,0.18,0.00
4350044,0.09,0.00,0,0.18,-0.00
4400044,-0.09,0.00,0,0.18,0.00
4450044,0.09,0.00,0,0.18,0.01
4500044,0.00,0.00,0,0.18,-0.00
4550044,0.00,0.00,0,0.18,0.00
4600044,0.00,0.00,0,0.18,0.00
4650044,0.00,0.00,0,0.18,-0.00
4700044,0.00,0.00,0,0.18,0.00
4750044,0.00,0.00,0,0.18,0.00
4800044,0.00,0.00,0,0.18,0.00
4850044,0.00,0.00,0,0.18,-0.00
4900044,0.00,0.00,0,0.18,0.00
4950044,0.00,0.00,0,0.18,0.00
++++++++++++++++++++++++++++++++++++++++++++++++++++++
Enter a new Wheel Ref (keep under 7.5s to match sim max current of 15A): Starting new process at wheel ref = -5
++++++++++++++++++++++++++++++++++++++++++++++++++++++
Reference Wheel: -5
B_U1: 1.15000000
B_U2: -0.15000000
B_E0: 0.14000000
B_E1: -0.08400000
B_E2: 0.00700000
Sample Rate [ms]: 50
Step Started [ms]: 1000
Run Time [ms]: 3000
Data format: time_stamp_us,wheel_speed_rad_sec,command_volt,command_pwm,pitch_rad,ang_vel_rad_s
-------------------------------------------------------
24,0.00,0.00,0,0.17,-0.02
50027,0.09,0.00,0,0.17,0.01
100028,0.00,0.00,0,0.17,0.00
150028,0.00,0.00,0,0.17,-0.03
200028,0.00,0.00,0,0.17,0.01
250028,0.00,0.00,0,0.17,-0.00
300028,0.00,0.00,0,0.17,0.00
350031,0.00,0.00,0,0.17,0.00
400032,0.00,0.00,0,0.17,0.00
450032,0.00,0.00,0,0.17,0.00
500032,0.00,0.00,0,0.17,0.01
550032,0.00,0.00,0,0.17,-0.00
600032,0.00,0.00,0,0.17,0.01
650032,0.00,0.00,0,0.17,-0.01
700035,0.00,0.00,0,0.17,0.00
750036,0.00,0.00,0,0.17,0.00
800036,0.00,0.00,0,0.17,0.00
850036,0.00,0.00,0,0.17,0.00
900036,0.00,0.00,0,0.17,-0.00
950036,0.00,0.00,0,0.17,0.00
1000036,0.00,-0.70,-16,0.17,0.00
1050036,-3.75,-0.56,-12,0.17,0.00
1100036,-6.98,-0.19,-4,0.17,-0.00
1150036,-4.89,-0.33,-7,0.17,0.00
1200036,-3.32,-0.56,-12,0.17,0.00
1250036,-4.89,-0.47,-10,0.17,0.00
1300039,-5.93,-0.33,-7,0.17,0.00
1350040,-4.89,-0.40,-9,0.17,-0.00
1400043,-4.62,-0.45,-10,0.17,-0.00
1450044,-5.15,-0.41,-9,0.17,0.00
1500044,-5.32,-0.37,-8,0.17,0.00
1550044,-4.80,-0.42,-9,0.17,-0.00
1600044,-4.80,-0.43,-10,0.17,0.00
1650044,-5.15,-0.40,-9,0.17,-0.00
1700044,-5.32,-0.36,-8,0.17,-0.00
1750044,-4.63,-0.44,-10,0.17,0.00
1800044,-4.63,-0.47,-10,0.17,0.00
1850048,-5.15,-0.42,-9,0.17,0.00
1900048,-5.32,-0.38,-8,0.17,-0.00
1950048,-4.80,-0.43,-10,0.17,-0.00
2000048,-5.06,-0.41,-9,0.17,0.00
2050048,-5.06,-0.41,-9,0.17,-0.00
2100048,-4.80,-0.44,-10,0.17,0.00
2150048,-5.24,-0.39,-9,0.17,0.00
2200048,-5.32,-0.36,-8,0.17,-0.00
2250048,-4.89,-0.40,-9,0.17,0.00
2300048,-4.71,-0.43,-10,0.17,0.00
2350048,-5.15,-0.39,-9,0.17,-0.00
2400048,-5.24,-0.37,-8,0.17,-0.00
2450048,-4.89,-0.40,-9,0.17,-0.00
2500048,-4.63,-0.45,-10,0.17,0.00
2550048,-5.24,-0.39,-9,0.17,-0.00
2600048,-5.15,-0.38,-8,0.17,0.00
2650048,-4.80,-0.42,-9,0.17,0.00
2700048,-4.71,-0.45,-10,0.17,0.00
2750048,-5.15,-0.41,-9,0.17,0.00
2800048,-5.15,-0.40,-9,0.17,-0.00
2850048,-5.06,-0.40,-9,0.17,0.00
2900048,-4.80,-0.43,-9,0.17,0.00
2950048,-4.71,-0.46,-10,0.17,0.00
3000048,-5.06,-0.43,-9,0.17,0.00
3050048,-5.24,-0.40,-9,0.17,0.00
3100048,-5.06,-0.41,-9,0.17,0.00
3150048,-4.89,-0.43,-9,0.17,-0.00
3200048,-4.63,-0.47,-10,0.17,0.00
3250048,-4.89,-0.47,-10,0.17,0.00
3300048,-5.41,-0.40,-9,0.17,-0.00
3350048,-5.41,-0.37,-8,0.17,0.00
3400048,-4.89,-0.41,-9,0.17,0.00
3450048,-4.45,-0.48,-11,0.17,-0.01
3500048,-5.15,-0.43,-9,0.17,0.00
3550048,-5.32,-0.39,-9,0.17,0.00
3600048,-5.15,-0.39,-9,0.17,-0.00
3650048,-4.89,-0.41,-9,0.17,0.00
3700048,-4.97,-0.41,-9,0.17,-0.00
3750051,-4.89,-0.43,-9,0.17,0.00
3800052,-4.97,-0.42,-9,0.17,0.00
3850052,-4.89,-0.44,-10,0.17,0.00
3900052,-5.24,-0.40,-9,0.17,0.00
3950052,-5.24,-0.38,-8,0.17,-0.00
4000052,-4.71,0.00,0,0.17,0.00
4050052,-2.36,0.00,0,0.17,-0.01
4100052,0.00,0.00,0,0.17,-0.00
4150052,0.09,0.00,0,0.17,-0.00
4200052,0.00,0.00,0,0.17,-0.00
4250052,0.00,0.00,0,0.17,0.00
4300052,0.00,0.00,0,0.17,0.00
4350052,0.00,0.00,0,0.17,0.00
4400052,0.00,0.00,0,0.17,-0.00
4450052,0.00,0.00,0,0.17,0.00
4500052,0.00,0.00,0,0.17,0.00
4550052,0.00,0.00,0,0.17,0.00
4600052,0.00,0.00,0,0.17,0.00
4650052,0.00,0.00,0,0.17,-0.00
4700052,0.00,0.00,0,0.17,0.00
4750052,0.00,0.00,0,0.17,-0.00
4800055,0.00,0.00,0,0.17,-0.01
4850056,0.00,0.00,0,0.17,0.00
4900056,0.00,0.00,0,0.17,0.00
4950056,0.00,0.00,0,0.17,-0.00
++++++++++++++++++++++++++++++++++++++++++++++++++++++
Enter a new Wheel Ref (keep under 7.5s to match sim max current of 15A): 