Serial initialized!
Starting new process at wheel ref = 0
++++++++++++++++++++++++++++++++++++++++++++++++++++++
Reference Wheel: 0
B_U1: 1
B_E0: 0.17870000
B_E1: -0.08935000
Sample Rate [ms]: 50
Step Started [ms]: 1000
Run Time [ms]: 3000
Data format: time_stamp_us,wheel_speed_rad_sec,command_volt,command_pwm,pitch_rad,ang_vel_rad_s
-------------------------------------------------------
23,0.00,0.00,0,0.20,-0.01
50027,0.00,0.00,0,0.20,-0.00
100028,0.00,0.00,0,0.20,0.02
150030,0.00,0.00,0,0.20,-0.01
200033,0.00,0.00,0,0.20,-0.01
250035,0.00,0.00,0,0.20,-0.01
300037,0.00,0.00,0,0.20,-0.02
350040,0.00,0.00,0,0.20,0.01
400042,0.00,0.00,0,0.20,-0.01
450045,0.00,0.00,0,0.20,-0.01
500047,0.00,0.00,0,0.20,0.02
550050,0.00,0.00,0,0.20,-0.00
600050,0.00,0.00,0,0.21,-0.02
650051,0.00,0.00,0,0.21,-0.04
700054,0.00,0.00,0,0.21,0.07
750054,0.00,0.00,0,0.20,-0.05
800054,0.00,0.00,0,0.21,-0.01
850056,0.00,0.00,0,0.21,-0.02
900057,0.00,0.00,0,0.21,-0.01
950059,0.00,0.00,0,0.21,0.01
1000059,0.00,0.00,0,0.21,-0.06
1050061,0.00,0.00,0,0.21,-0.14
1100064,0.00,0.00,0,0.22,-0.04
1150066,0.00,0.00,0,0.22,0.06
1200066,0.00,0.00,0,0.22,0.00
1250066,0.00,0.00,0,0.22,-0.01
1300068,0.00,0.00,0,0.22,0.04
1350068,0.00,0.00,0,0.21,-0.01
1400068,0.00,0.00,0,0.22,-0.01
1450068,0.00,0.00,0,0.22,0.00
1500068,0.00,0.00,0,0.21,0.04
1550070,0.00,0.00,0,0.22,-0.07
1600073,0.00,0.00,0,0.22,-0.00
1650075,0.00,0.00,0,0.22,0.01
1700077,0.00,0.00,0,0.22,-0.02
1750077,0.00,0.00,0,0.22,0.01
1800080,0.00,0.00,0,0.22,-0.02
1850081,0.00,0.00,0,0.22,0.02
1900084,0.00,0.00,0,0.22,0.02
1950087,0.00,0.00,0,0.22,-0.04
2000089,0.00,0.00,0,0.22,0.02
2050089,0.00,0.00,0,0.22,0.02
2100092,0.00,0.00,0,0.22,-0.01
2150093,0.00,0.00,0,0.22,0.01
2200095,0.00,0.00,0,0.22,-0.02
2250097,0.00,0.00,0,0.22,0.02
2300098,0.00,0.00,0,0.22,-0.02
2350101,0.00,0.00,0,0.22,-0.02
2400103,0.00,0.00,0,0.22,0.04
2450103,0.00,0.00,0,0.22,-0.00
2500105,0.00,0.00,0,0.22,-0.01
2550108,0.00,0.00,0,0.22,0.02
2600110,0.00,0.00,0,0.22,-0.00
2650112,0.00,0.00,0,0.22,-0.03
2700114,0.00,0.00,0,0.22,-0.02
2750114,0.00,0.00,0,0.22,0.02
2800114,0.00,0.00,0,0.22,0.02
2850114,0.00,0.00,0,0.22,-0.01
2900114,0.00,0.00,0,0.22,0.02
2950114,0.00,0.00,0,0.22,-0.03
3000114,0.00,0.00,0,0.22,0.00
3050114,0.00,0.00,0,0.22,0.02
3100117,0.00,0.00,0,0.22,-0.01
3150120,0.00,0.00,0,0.22,-0.02
3200120,0.00,0.00,0,0.22,0.02
3250122,0.00,0.00,0,0.22,-0.02
3300123,0.00,0.00,0,0.22,0.01
3350124,0.00,0.00,0,0.22,-0.03
3400126,0.00,0.00,0,0.22,-0.00
3450127,0.00,0.00,0,0.22,0.03
3500127,0.00,0.00,0,0.22,-0.04
3550129,0.00,0.00,0,0.22,0.01
3600131,0.00,0.00,0,0.22,-0.04
3650133,0.00,0.00,0,0.22,0.01
3700133,0.00,0.00,0,0.22,-0.01
3750133,0.00,0.00,0,0.22,-0.01
3800133,0.00,0.00,0,0.22,0.01
3850135,0.00,0.00,0,0.22,-0.01
3900135,0.00,0.00,0,0.22,-0.03
3950136,0.00,0.00,0,0.22,-0.02
4000139,0.00,0.00,0,0.23,-0.05
4050139,0.00,0.00,0,0.23,0.01
4100143,0.00,0.00,0,0.23,0.01
4150143,0.00,0.00,0,0.22,0.01
4200146,0.00,0.00,0,0.22,0.02
4250150,0.00,0.00,0,0.22,0.03
4300151,0.00,0.00,0,0.22,0.01
4350151,0.00,0.00,0,0.22,-0.01
4400152,0.00,0.00,0,0.22,-0.01
4450153,0.00,0.00,0,0.22,0.04
4500153,0.00,0.00,0,0.22,-0.00
4550154,0.00,0.00,0,0.22,0.00
4600154,0.00,0.00,0,0.22,-0.01
4650155,0.00,0.00,0,0.22,0.00
4700158,0.00,0.00,0,0.22,0.02
4750159,0.00,0.00,0,0.22,-0.01
4800160,0.00,0.00,0,0.22,0.00
4850161,0.00,0.00,0,0.22,-0.01
4900164,0.00,0.00,0,0.22,0.01
4950165,0.00,0.00,0,0.22,0.00
++++++++++++++++++++++++++++++++++++++++++++++++++++++
Enter a new Wheel Ref (keep under 7.5s to match sim max current of 15A): Starting new process at wheel ref = 1
++++++++++++++++++++++++++++++++++++++++++++++++++++++
Reference Wheel: 1
B_U1: 1
B_E0: 0.17870000
B_E1: -0.08935000
Sample Rate [ms]: 50
Step Started [ms]: 1000
Run Time [ms]: 3000
Data format: time_stamp_us,wheel_speed_rad_sec,command_volt,command_pwm,pitch_rad,ang_vel_rad_s
-------------------------------------------------------
24,0.00,0.00,0,0.23,-0.05
50025,0.00,0.00,0,0.23,-0.01
100027,0.00,0.00,0,0.23,-0.02
150030,0.00,0.00,0,0.23,-0.01
200031,0.00,0.00,0,0.23,-0.01
250032,0.00,0.00,0,0.23,0.00
300035,0.00,0.00,0,0.23,0.01
350038,0.00,0.00,0,0.23,0.01
400041,0.00,0.00,0,0.23,0.01
450042,0.00,0.00,0,0.23,0.00
500042,0.00,0.00,0,0.23,-0.01
550042,0.00,0.00,0,0.23,0.02
600045,0.00,0.00,0,0.23,-0.02
650048,0.00,0.00,0,0.23,0.01
700051,0.00,0.00,0,0.23,-0.01
750053,0.00,0.00,0,0.23,0.01
800056,0.00,0.00,0,0.23,0.00
850059,0.00,0.00,0,0.23,-0.01
900062,0.00,0.00,0,0.23,0.02
950063,0.00,0.00,0,0.23,-0.01
1000066,0.00,0.18,4,0.23,0.01
1050069,0.17,0.24,6,0.23,-0.01
1100069,0.70,0.22,5,0.23,-0.01
1150070,1.05,0.18,4,0.23,-0.01
1200073,0.35,0.30,7,0.23,0.03
1250075,0.09,0.41,10,0.23,-0.02
1300077,0.96,0.33,8,0.23,0.00
1350077,2.27,0.10,2,0.23,0.02
1400079,1.40,0.14,3,0.23,0.04
1450081,0.09,0.34,8,0.23,-0.05
1500083,0.96,0.27,7,0.23,-0.01
1550084,2.09,0.07,1,0.23,0.02
1600084,1.31,0.11,2,0.23,0.03
1650086,0.44,0.24,6,0.23,-0.02
1700087,0.79,0.23,5,0.23,-0.01
1750088,1.66,0.09,2,0.23,0.02
1800089,1.05,0.14,3,0.23,0.02
1850090,0.44,0.25,6,0.23,-0.00
1900093,1.40,0.13,3,0.23,-0.01
1950096,1.48,0.08,1,0.23,0.04
2000098,0.35,0.23,6,0.22,0.02
2050099,0.79,0.21,5,0.23,-0.05
2100102,1.75,0.06,1,0.23,0.04
2150105,1.05,0.12,3,0.22,0.05
2200106,0.44,0.23,5,0.22,-0.00
2250106,0.79,0.21,5,0.22,-0.04
2300106,1.48,0.11,2,0.22,0.03
2350108,1.13,0.13,3,0.22,0.05
2400109,0.70,0.19,5,0.22,0.00
2450112,1.31,0.11,2,0.22,-0.03
2500113,0.79,0.18,4,0.22,0.04
2550114,0.70,0.21,5,0.22,0.01
2600117,1.13,0.16,4,0.22,-0.03
2650118,1.40,0.10,2,0.22,0.02
2700118,1.05,0.13,3,0.22,0.04
2750118,0.26,0.27,6,0.22,-0.01
2800120,0.70,0.25,6,0.22,-0.04
2850120,2.01,0.05,1,0.23,-0.00
2900121,1.40,0.07,1,0.22,0.09
2950121,0.17,0.25,6,0.22,0.03
3000123,1.05,0.17,4,0.22,-0.09
3050123,1.57,0.07,1,0.23,0.01
3100125,0.79,0.16,4,0.22,0.10
3150125,0.70,0.19,5,0.22,-0.03
3200127,1.66,0.05,1,0.23,-0.07
3250127,0.87,0.13,3,0.23,0.08
3300128,0.17,0.27,6,0.22,0.03
3350128,1.13,0.17,4,0.22,-0.09
3400129,1.75,0.05,1,0.23,0.01
3450129,0.87,0.14,3,0.22,0.09
3500130,0.44,0.23,5,0.22,-0.03
3550131,1.05,0.17,4,0.22,-0.05
3600131,1.40,0.10,2,0.22,0.04
3650132,0.87,0.16,4,0.22,0.07
3700133,0.96,0.15,4,0.22,-0.04
3750134,1.48,0.06,1,0.22,-0.02
3800137,0.52,0.19,5,0.22,0.09
3850138,0.61,0.22,5,0.22,-0.04
3900140,1.48,0.10,2,0.22,-0.04
3950140,1.13,0.12,3,0.22,0.06
4000141,0.70,0.00,0,0.22,0.04
4050142,0.17,0.00,0,0.22,-0.03
4100143,0.00,0.00,0,0.22,-0.01
4150144,0.00,0.00,0,0.22,0.03
4200145,0.00,0.00,0,0.22,-0.00
4250145,0.00,0.00,0,0.22,-0.02
4300146,0.00,0.00,0,0.22,0.01
4350147,0.00,0.00,0,0.22,0.01
4400148,0.00,0.00,0,0.22,-0.01
4450148,0.00,0.00,0,0.22,0.00
4500148,0.00,0.00,0,0.22,0.01
4550151,0.00,0.00,0,0.22,-0.02
4600153,0.00,0.00,0,0.22,0.02
4650154,0.00,0.00,0,0.22,0.01
4700154,0.00,0.00,0,0.22,-0.00
4750154,0.00,0.00,0,0.22,-0.01
4800156,0.00,0.00,0,0.22,0.02
4850156,0.00,0.00,0,0.22,-0.01
4900158,0.00,0.00,0,0.22,-0.00
4950158,0.00,0.00,0,0.22,-0.01
++++++++++++++++++++++++++++++++++++++++++++++++++++++
Enter a new Wheel Ref (keep under 7.5s to match sim max current of 15A): Starting new process at wheel ref = 2
++++++++++++++++++++++++++++++++++++++++++++++++++++++
Reference Wheel: 2
B_U1: 1
B_E0: 0.17870000
B_E1: -0.08935000
Sample Rate [ms]: 50
Step Started [ms]: 1000
Run Time [ms]: 3000
Data format: time_stamp_us,wheel_speed_rad_sec,command_volt,command_pwm,pitch_rad,ang_vel_rad_s
-------------------------------------------------------
23,0.00,0.00,0,0.22,0.01
50024,0.00,0.00,0,0.22,-0.01
100027,0.00,0.00,0,0.22,-0.01
150030,0.00,0.00,0,0.23,0.01
200033,0.00,0.00,0,0.22,0.01
250036,0.00,0.00,0,0.22,0.01
300037,0.00,0.00,0,0.22,0.02
350040,0.00,0.00,0,0.22,-0.01
400042,0.00,0.00,0,0.22,-0.02
450045,0.00,0.00,0,0.22,0.01
500048,0.00,0.00,0,0.22,0.02
550051,0.00,0.00,0,0.23,-0.05
600051,0.00,0.00,0,0.23,-0.03
650051,0.00,0.00,0,0.23,0.02
700051,0.00,0.00,0,0.23,0.04
750053,0.00,0.00,0,0.22,0.04
800056,0.00,0.00,0,0.22,0.01
850057,0.00,0.00,0,0.22,0.01
900057,0.00,0.00,0,0.22,0.03
950057,0.00,0.00,0,0.22,0.03
1000057,0.00,0.36,9,0.22,0.01
1050060,1.48,0.27,7,0.22,-0.06
1100060,2.88,0.07,1,0.22,0.00
1150061,1.75,0.19,5,0.22,0.08
1200061,0.87,0.37,9,0.22,-0.01
1250061,2.53,0.17,4,0.22,-0.10
1300062,2.88,0.07,1,0.23,0.07
1350065,1.05,0.31,8,0.22,0.13
1400065,1.57,0.31,7,0.22,-0.12
1450065,2.97,0.09,2,0.23,-0.05
1500067,2.09,0.16,4,0.22,0.17
1550070,1.40,0.28,7,0.22,-0.04
1600073,1.75,0.27,7,0.22,-0.09
1650076,2.53,0.15,4,0.22,0.08
1700078,2.01,0.20,5,0.22,0.04
1750078,1.31,0.32,8,0.22,-0.06
1800078,2.18,0.23,6,0.22,0.03
1850080,2.62,0.14,3,0.22,0.02
1900081,1.83,0.22,5,0.22,0.00
1950084,1.75,0.25,6,0.22,-0.00
2000084,2.09,0.21,5,0.22,0.01
2050084,2.27,0.17,4,0.22,-0.00
2100086,1.92,0.21,5,0.22,0.02
2150086,1.75,0.25,6,0.22,0.00
2200087,2.18,0.19,5,0.22,-0.00
2250087,2.01,0.21,5,0.22,0.01
2300088,1.75,0.26,6,0.22,-0.01
2350091,1.75,0.28,7,0.22,0.01
2400094,1.83,0.29,7,0.22,-0.01
2450095,2.09,0.25,6,0.22,0.00
2500098,2.18,0.23,5,0.22,0.00
2550099,1.66,0.31,8,0.22,0.00
2600101,2.27,0.23,5,0.22,-0.01
2650104,2.97,0.08,2,0.23,0.00
2700105,2.18,0.13,3,0.22,0.01
2750107,0.87,0.35,9,0.22,-0.00
2800109,1.75,0.30,7,0.23,-0.03
2850109,3.23,0.05,1,0.23,0.03
2900111,1.75,0.21,5,0.22,0.02
2950111,0.52,0.45,11,0.23,-0.02
3000113,2.53,0.22,5,0.23,-0.01
3050115,2.88,0.11,2,0.23,0.05
3100117,1.40,0.30,7,0.22,-0.01
3150120,1.13,0.40,10,0.23,-0.02
3200120,2.62,0.21,5,0.23,0.00
3250120,3.05,0.08,2,0.23,0.02
3300123,1.75,0.22,5,0.22,-0.00
3350123,1.22,0.34,8,0.23,-0.01
3400126,2.62,0.16,4,0.23,-0.01
3450127,2.71,0.08,2,0.22,0.03
3500128,1.66,0.21,5,0.22,0.00
3550130,1.05,0.35,9,0.22,-0.02
3600130,2.71,0.14,3,0.23,-0.01
3650130,2.71,0.07,1,0.22,0.04
3700131,0.87,0.34,8,0.22,0.01
3750132,1.40,0.35,9,0.22,-0.04
3800132,3.32,0.06,1,0.22,0.02
3850132,2.36,0.11,2,0.22,0.02
3900133,0.70,0.38,9,0.22,-0.00
3950135,1.66,0.32,8,0.22,-0.02
4000138,3.40,0.00,0,0.22,0.02
4050139,2.09,0.00,0,0.22,0.03
4100140,0.09,0.00,0,0.22,-0.02
4150141,0.00,0.00,0,0.22,0.02
4200143,0.00,0.00,0,0.22,-0.01
4250144,0.00,0.00,0,0.22,0.00
4300144,0.00,0.00,0,0.22,0.01
4350147,0.00,0.00,0,0.22,-0.01
4400149,0.00,0.00,0,0.22,0.01
4450152,0.00,0.00,0,0.22,0.00
4500152,0.00,0.00,0,0.22,0.01
4550155,0.00,0.00,0,0.22,-0.00
4600156,0.00,0.00,0,0.22,0.01
4650156,0.00,0.00,0,0.22,0.00
4700157,0.00,0.00,0,0.22,0.00
4750157,0.00,0.00,0,0.22,-0.00
4800157,0.00,0.00,0,0.22,-0.00
4850161,0.00,0.00,0,0.22,-0.01
4900161,0.00,0.00,0,0.22,0.00
4950163,0.00,0.00,0,0.22,-0.00
++++++++++++++++++++++++++++++++++++++++++++++++++++++
Enter a new Wheel Ref (keep under 7.5s to match sim max current of 15A): Starting new process at wheel ref = 3
++++++++++++++++++++++++++++++++++++++++++++++++++++++
Reference Wheel: 3
B_U1: 1
B_E0: 0.17870000
B_E1: -0.08935000
Sample Rate [ms]: 50
Step Started [ms]: 1000
Run Time [ms]: 3000
Data format: time_stamp_us,wheel_speed_rad_sec,command_volt,command_pwm,pitch_rad,ang_vel_rad_s
-------------------------------------------------------
23,0.00,0.00,0,0.23,0.01
50026,0.00,0.00,0,0.23,0.01
100026,0.00,0.00,0,0.23,-0.00
150028,0.00,0.00,0,0.23,-0.00
200028,0.00,0.00,0,0.23,0.00
250028,0.00,0.00,0,0.23,-0.02
300028,0.00,0.00,0,0.23,0.03
350031,0.00,0.00,0,0.23,0.01
400032,0.00,0.00,0,0.23,0.01
450035,0.00,0.00,0,0.23,-0.03
500036,0.00,0.00,0,0.23,0.02
550039,0.00,0.00,0,0.23,-0.01
600042,0.00,0.00,0,0.23,0.00
650042,0.00,0.00,0,0.23,0.00
700044,0.00,0.00,0,0.23,-0.02
750045,0.00,0.00,0,0.23,0.01
800047,0.00,0.00,0,0.23,-0.01
850047,0.00,0.00,0,0.23,-0.00
900050,0.00,0.00,0,0.23,0.01
950052,0.00,0.00,0,0.23,-0.01
1000055,0.00,0.54,13,0.23,0.01
1050055,2.53,0.35,9,0.23,-0.05
1100057,4.80,-0.01,0,0.23,0.05
1150060,2.71,0.20,5,0.23,0.01
1200063,1.13,0.51,13,0.23,-0.03
1250066,3.49,0.25,6,0.23,-0.02
1300066,4.36,0.05,1,0.23,0.03
1350066,1.92,0.37,9,0.23,-0.00
1400068,2.01,0.45,11,0.23,-0.04
1450071,4.19,0.15,3,0.23,0.02
1500072,3.49,0.17,4,0.23,0.01
1550074,1.92,0.40,10,0.23,-0.01
1600076,2.88,0.33,8,0.23,-0.02
1650079,4.01,0.14,3,0.23,0.02
1700083,2.62,0.30,7,0.23,-0.01
1750084,1.83,0.47,12,0.23,-0.01
1800085,3.49,0.28,7,0.24,-0.02
1850086,4.28,0.10,2,0.23,0.03
1900088,2.18,0.36,9,0.23,-0.01
1950090,2.44,0.38,9,0.24,-0.03
2000093,4.01,0.15,3,0.23,0.01
2050093,2.97,0.25,6,0.23,0.01
2100094,1.92,0.44,11,0.23,-0.01
2150094,3.14,0.32,8,0.24,0.01
2200094,3.67,0.21,5,0.23,-0.01
2250095,2.09,0.43,11,0.23,0.02
2300095,2.71,0.40,10,0.24,-0.04
2350095,4.10,0.18,4,0.24,0.03
2400095,3.49,0.19,4,0.24,-0.01
2450097,2.01,0.41,10,0.24,0.01
2500097,3.05,0.31,8,0.24,-0.03
2550098,4.10,0.12,3,0.24,0.02
2600100,2.97,0.23,5,0.24,-0.00
2650101,2.01,0.40,10,0.24,0.01
2700101,2.97,0.32,8,0.24,-0.03
2750101,4.10,0.12,3,0.24,0.04
2800104,2.88,0.24,6,0.24,-0.02
2850105,2.18,0.37,9,0.24,-0.00
2900108,3.40,0.23,5,0.24,-0.03
2950109,3.40,0.19,4,0.24,0.03
3000111,2.27,0.36,9,0.24,-0.02
3050112,2.88,0.31,8,0.24,-0.01
3100115,4.01,0.12,3,0.24,0.02
3150116,2.79,0.25,6,0.24,0.02
3200118,2.09,0.39,10,0.24,-0.02
3250120,3.32,0.26,6,0.24,-0.02
3300123,3.75,0.15,3,0.24,0.03
3350126,2.44,0.32,8,0.24,0.00
3400127,2.44,0.37,9,0.24,-0.03
3450130,3.75,0.18,4,0.24,0.03
3500133,3.23,0.21,5,0.24,0.01
3550136,2.01,0.41,10,0.24,-0.01
3600137,2.88,0.34,8,0.24,-0.03
3650140,3.40,0.26,6,0.24,0.02
3700141,2.88,0.31,8,0.24,-0.00
3750142,3.05,0.29,7,0.24,-0.03
3800145,3.49,0.21,5,0.24,0.03
3850145,2.97,0.26,6,0.24,-0.01
3900145,2.62,0.33,8,0.24,0.01
3950146,3.14,0.27,6,0.24,-0.02
4000149,2.97,0.00,0,0.24,0.01
4050151,0.96,0.00,0,0.24,0.01
4100152,0.00,0.00,0,0.24,-0.02
4150153,0.00,0.00,0,0.24,0.01
4200153,0.00,0.00,0,0.24,-0.01
4250153,0.00,0.00,0,0.24,-0.00
4300156,0.00,0.00,0,0.24,-0.00
4350158,0.00,0.00,0,0.24,0.00
4400161,0.00,0.00,0,0.24,-0.00
4450161,0.00,0.00,0,0.24,0.00
4500161,0.00,0.00,0,0.24,-0.00
4550164,0.00,0.00,0,0.24,0.01
4600164,0.00,0.00,0,0.24,-0.02
4650164,0.00,0.00,0,0.24,0.01
4700166,0.00,0.00,0,0.24,-0.01
4750166,0.00,0.00,0,0.24,0.00
4800167,0.00,0.00,0,0.24,-0.00
4850169,0.00,0.00,0,0.24,-0.01
4900169,0.00,0.00,0,0.24,0.00
4950169,0.00,0.00,0,0.24,-0.01
++++++++++++++++++++++++++++++++++++++++++++++++++++++
Enter a new Wheel Ref (keep under 7.5s to match sim max current of 15A): Starting new process at wheel ref = 4
++++++++++++++++++++++++++++++++++++++++++++++++++++++
Reference Wheel: 4
B_U1: 1
B_E0: 0.17870000
B_E1: -0.08935000
Sample Rate [ms]: 50
Step Started [ms]: 1000
Run Time [ms]: 3000
Data format: time_stamp_us,wheel_speed_rad_sec,command_volt,command_pwm,pitch_rad,ang_vel_rad_s
-------------------------------------------------------
23,0.00,0.00,0,0.24,0.01
50026,0.00,0.00,0,0.24,-0.01
100029,0.00,0.00,0,0.24,0.01
150032,0.00,0.00,0,0.24,-0.01
200032,0.00,0.00,0,0.24,0.01
250033,0.00,0.00,0,0.24,-0.00
300034,0.00,0.00,0,0.24,0.01
350037,0.00,0.00,0,0.24,-0.00
400039,0.00,0.00,0,0.24,0.00
450041,0.00,0.00,0,0.24,-0.01
500043,0.00,0.00,0,0.24,0.01
550045,0.00,0.00,0,0.24,-0.01
600048,0.00,0.00,0,0.24,0.02
650051,0.00,0.00,0,0.24,-0.00
700053,0.00,0.00,0,0.24,0.01
750055,0.00,0.00,0,0.24,-0.00
800057,0.00,0.00,0,0.24,0.01
850057,0.00,0.00,0,0.24,-0.01
900058,0.00,0.00,0,0.24,0.01
950061,0.00,0.00,0,0.24,-0.01
1000064,0.00,0.71,18,0.24,0.02
1050066,3.23,0.50,12,0.24,-0.03
1100068,5.93,0.08,2,0.24,0.05
1150068,3.49,0.34,8,0.24,-0.01
1200070,2.44,0.58,15,0.24,-0.01
1250072,4.97,0.26,6,0.24,0.02
1300072,5.06,0.16,4,0.24,0.06
1350073,2.71,0.49,12,0.24,-0.02
1400073,3.05,0.54,14,0.24,-0.02
1450074,5.41,0.20,5,0.24,0.01
1500077,5.06,0.14,3,0.24,0.05
1550080,2.53,0.50,13,0.24,-0.02
1600083,3.66,0.43,11,0.24,-0.03
1650085,5.58,0.11,2,0.24,0.04
1700087,3.75,0.30,7,0.24,0.01
1750088,2.53,0.54,14,0.24,-0.02
1800089,4.45,0.33,8,0.24,-0.01
1850089,5.50,0.10,2,0.24,0.03
1900091,3.14,0.39,10,0.24,0.01
1950092,2.97,0.50,12,0.24,-0.05
2000095,5.15,0.20,5,0.24,0.03
2050098,4.54,0.20,5,0.24,0.02
2100099,2.79,0.47,12,0.24,-0.01
2150102,3.84,0.39,10,0.24,-0.02
2200103,5.06,0.19,4,0.24,0.02
2250105,4.01,0.28,7,0.24,0.01
2300105,2.88,0.48,12,0.24,-0.02
2350105,4.45,0.30,7,0.24,-0.00
2400105,4.54,0.24,6,0.24,0.03
2450107,3.14,0.44,11,0.24,-0.02
2500107,3.49,0.46,11,0.24,-0.01
2550110,4.97,0.24,6,0.24,0.01
2600111,4.36,0.26,6,0.24,0.02
2650113,3.32,0.42,10,0.24,-0.01
2700113,3.67,0.41,10,0.24,-0.01
2750113,4.28,0.34,8,0.24,0.01
2800115,3.75,0.40,10,0.24,0.01
2850118,3.49,0.47,12,0.24,-0.01
2900120,4.54,0.33,8,0.24,-0.00
2950122,4.97,0.21,5,0.24,0.03
3000122,3.58,0.37,9,0.24,-0.00
3050124,3.49,0.42,10,0.24,-0.00
3100126,4.54,0.28,7,0.24,0.00
3150126,4.36,0.26,6,0.24,0.01
3200126,3.40,0.40,10,0.24,0.01
3250126,3.75,0.39,10,0.24,-0.02
3300127,4.97,0.20,5,0.24,0.01
3350129,4.19,0.25,6,0.24,0.02
3400129,3.05,0.44,11,0.24,-0.01
3450132,4.10,0.33,8,0.24,-0.01
3500135,4.62,0.23,6,0.24,0.02
3550137,3.75,0.33,8,0.24,-0.00
3600138,3.49,0.40,10,0.24,0.00
3650140,4.28,0.30,7,0.24,-0.00
3700142,4.45,0.25,6,0.24,0.01
3750144,3.40,0.40,10,0.24,0.01
3800145,3.75,0.39,10,0.24,-0.03
3850145,4.45,0.28,7,0.24,0.02
3900148,4.01,0.32,8,0.24,0.00
3950148,3.67,0.38,9,0.24,-0.02
4000151,4.19,0.00,0,0.24,0.02
4050152,2.44,0.00,0,0.23,0.04
4100153,0.17,0.00,0,0.23,-0.02
4150157,-0.09,0.00,0,0.24,-0.02
4200158,0.00,0.00,0,0.24,0.03
4250158,0.00,0.00,0,0.24,-0.01
4300158,0.00,0.00,0,0.24,0.01
4350159,0.00,0.00,0,0.24,-0.01
4400161,0.00,0.00,0,0.24,0.01
4450164,0.00,0.00,0,0.24,0.01
4500165,0.00,0.00,0,0.24,0.00
4550166,0.00,0.00,0,0.24,0.01
4600166,0.00,0.00,0,0.24,-0.01
4650169,0.00,0.00,0,0.24,0.01
4700170,0.00,0.00,0,0.24,0.00
4750170,0.00,0.00,0,0.24,0.01
4800172,0.00,0.00,0,0.24,-0.01
4850172,0.00,0.00,0,0.24,-0.01
4900175,0.00,0.00,0,0.24,0.00
4950177,0.00,0.00,0,0.24,0.00
++++++++++++++++++++++++++++++++++++++++++++++++++++++
Enter a new Wheel Ref (keep under 7.5s to match sim max current of 15A): Starting new process at wheel ref = 5
++++++++++++++++++++++++++++++++++++++++++++++++++++++
Reference Wheel: 5
B_U1: 1
B_E0: 0.17870000
B_E1: -0.08935000
Sample Rate [ms]: 50
Step Started [ms]: 1000
Run Time [ms]: 3000
Data format: time_stamp_us,wheel_speed_rad_sec,command_volt,command_pwm,pitch_rad,ang_vel_rad_s
-------------------------------------------------------
24,0.00,0.00,0,0.23,0.00
50024,0.00,0.00,0,0.23,-0.01
100025,0.00,0.00,0,0.23,-0.01
150028,0.00,0.00,0,0.23,0.01
200031,0.00,0.00,0,0.23,0.00
250032,0.00,0.00,0,0.23,0.01
300032,0.00,0.00,0,0.23,-0.01
350034,0.00,0.00,0,0.23,0.01
400037,0.00,0.00,0,0.23,-0.00
450037,0.00,0.00,0,0.23,-0.00
500039,0.00,0.00,0,0.23,0.00
550041,0.00,0.00,0,0.23,0.01
600043,0.00,0.00,0,0.23,-0.01
650045,0.00,0.00,0,0.23,0.01
700045,0.00,0.00,0,0.23,0.00
750045,0.00,0.00,0,0.23,-0.01
800049,0.00,0.00,0,0.23,0.00
850049,0.00,0.00,0,0.23,0.00
900050,0.00,0.00,0,0.23,-0.01
950051,0.00,0.00,0,0.23,0.00
1000053,0.00,0.89,23,0.23,0.01
1050053,4.63,0.51,13,0.23,-0.10
1100057,7.77,-0.01,0,0.23,0.11
1150060,3.75,0.46,11,0.23,-0.01
1200063,2.27,0.83,21,0.23,-0.06
1250064,6.54,0.31,8,0.23,-0.01
1300064,7.42,0.02,0,0.23,0.07
1350068,3.05,0.58,15,0.23,-0.00
1400069,2.97,0.77,20,0.23,-0.04
1450070,7.24,0.19,4,0.23,0.02
1500072,6.54,0.11,2,0.23,0.06
1550073,2.71,0.66,17,0.23,-0.02
1600073,4.28,0.59,15,0.23,-0.04
1650074,7.50,0.07,1,0.23,0.03
1700076,4.97,0.30,7,0.23,0.04
1750077,2.71,0.71,18,0.23,-0.04
1800078,5.67,0.38,10,0.23,-0.02
1850082,7.07,0.08,1,0.23,0.05
1900082,3.93,0.45,11,0.23,0.00
1950084,3.14,0.69,17,0.23,-0.03
2000087,6.11,0.32,8,0.23,-0.00
2050091,6.46,0.16,4,0.23,0.04
2100091,4.10,0.45,11,0.23,-0.01
2150092,3.84,0.58,15,0.23,-0.02
2200095,6.11,0.28,7,0.23,0.00
2250095,5.50,0.29,7,0.23,0.03
2300097,3.75,0.56,14,0.23,-0.01
2350099,4.80,0.48,12,0.23,-0.01
2400099,6.37,0.22,5,0.23,0.01
2450101,4.80,0.38,9,0.23,0.02
2500103,3.14,0.69,18,0.23,-0.02
2550103,5.15,0.50,12,0.23,-0.01
2600105,6.72,0.20,5,0.23,0.03
2650107,4.97,0.36,9,0.23,0.02
2700109,3.84,0.57,14,0.23,-0.02
2750109,5.59,0.36,9,0.23,-0.01
2800111,5.93,0.24,6,0.23,0.02
2850112,4.36,0.44,11,0.23,0.01
2900112,4.45,0.48,12,0.23,-0.02
2950113,5.85,0.28,7,0.23,0.02
3000115,5.32,0.30,7,0.23,0.01
3050115,4.19,0.47,12,0.23,-0.01
3100115,4.63,0.47,12,0.23,-0.01
3150115,5.85,0.28,7,0.23,0.01
3200115,5.32,0.30,7,0.23,0.01
3250116,4.10,0.49,12,0.23,-0.01
3300119,4.62,0.48,12,0.23,-0.01
3350120,5.76,0.31,8,0.23,0.01
3400123,5.15,0.35,9,0.23,0.02
3450124,4.45,0.46,12,0.23,-0.02
3500126,5.24,0.37,9,0.23,0.00
3550128,5.58,0.29,7,0.23,0.01
3600128,4.19,0.48,12,0.23,0.01
3650130,4.10,0.57,14,0.23,-0.01
3700130,5.50,0.40,10,0.23,0.01
3750132,5.93,0.28,7,0.23,0.01
3800135,4.80,0.40,10,0.23,0.01
3850137,4.45,0.48,12,0.23,-0.01
3900139,4.97,0.44,11,0.23,-0.01
3950142,5.32,0.38,9,0.23,0.00
4000145,5.24,0.00,0,0.23,-0.00
4050145,2.79,0.00,0,0.23,0.05
4100147,0.26,0.00,0,0.23,-0.01
4150148,0.00,0.00,0,0.23,-0.01
4200150,0.00,0.00,0,0.23,0.02
4250152,0.00,0.00,0,0.23,-0.01
4300152,0.00,0.00,0,0.23,0.00
4350152,0.00,0.00,0,0.23,0.00
4400154,0.00,0.00,0,0.23,0.01
4450156,0.00,0.00,0,0.23,-0.00
4500159,0.00,0.00,0,0.23,0.01
4550161,0.00,0.00,0,0.23,-0.02
4600162,0.00,0.00,0,0.23,0.01
4650163,0.00,0.00,0,0.23,-0.00
4700164,0.00,0.00,0,0.23,-0.00
4750164,0.00,0.00,0,0.23,-0.00
4800164,0.00,0.00,0,0.23,0.01
4850165,0.00,0.00,0,0.23,-0.01
4900165,0.00,0.00,0,0.23,0.00
4950166,0.00,0.00,0,0.23,-0.00
++++++++++++++++++++++++++++++++++++++++++++++++++++++
Enter a new Wheel Ref (keep under 7.5s to match sim max current of 15A): Starting new process at wheel ref = 6
++++++++++++++++++++++++++++++++++++++++++++++++++++++
Reference Wheel: 6
B_U1: 1
B_E0: 0.17870000
B_E1: -0.08935000
Sample Rate [ms]: 50
Step Started [ms]: 1000
Run Time [ms]: 3000
Data format: time_stamp_us,wheel_speed_rad_sec,command_volt,command_pwm,pitch_rad,ang_vel_rad_s
-------------------------------------------------------
23,0.00,0.00,0,0.22,-0.01
50026,0.00,0.00,0,0.22,0.02
100028,0.00,0.00,0,0.22,0.00
150030,0.00,0.00,0,0.22,0.00
200030,0.00,0.00,0,0.22,0.00
250032,0.00,0.00,0,0.22,-0.00
300033,0.00,0.00,0,0.22,0.00
350033,0.00,0.00,0,0.22,0.00
400037,0.00,0.00,0,0.22,0.00
450039,0.00,0.00,0,0.22,-0.00
500042,0.00,0.00,0,0.22,-0.00
550045,0.00,0.00,0,0.22,-0.00
600047,0.00,0.00,0,0.22,0.00
650049,0.00,0.00,0,0.22,0.00
700049,0.00,0.00,0,0.22,-0.01
750049,0.00,0.00,0,0.22,0.02
800051,0.00,0.00,0,0.22,-0.01
850053,0.00,0.00,0,0.22,0.02
900057,0.00,0.00,0,0.22,-0.01
950057,0.00,0.00,0,0.22,0.01
1000059,0.00,1.07,27,0.22,-0.02
1050061,5.24,0.67,17,0.22,-0.08
1100062,10.30,-0.16,-4,0.22,0.10
1150063,5.50,0.31,8,0.22,0.03
1200063,1.92,0.99,25,0.22,-0.06
1250065,6.81,0.49,12,0.22,-0.03
1300066,9.34,-0.04,-1,0.22,0.08
1350069,4.62,0.51,13,0.22,-0.00
1400072,3.32,0.86,22,0.22,-0.04
1450072,7.59,0.34,8,0.22,-0.02
1500073,8.29,0.07,1,0.22,0.08
1550073,4.01,0.63,16,0.22,-0.01
1600073,3.67,0.87,22,0.22,-0.03
1650076,7.33,0.42,11,0.22,0.01
1700078,8.81,0.04,1,0.22,0.04
1750078,4.71,0.52,13,0.22,0.02
1800082,3.23,0.90,23,0.22,-0.04
1850082,7.07,0.46,12,0.22,-0.02
1900082,8.38,0.13,3,0.22,0.06
1950084,5.15,0.50,13,0.22,0.00
2000087,4.45,0.70,18,0.22,-0.02
2050090,7.33,0.32,8,0.22,-0.00
2100091,7.24,0.22,5,0.22,0.04
2150092,4.63,0.58,15,0.22,-0.01
2200094,5.06,0.62,16,0.22,-0.02
2250096,7.68,0.24,6,0.22,0.01
2300096,6.54,0.29,7,0.22,0.03
2350099,4.10,0.68,17,0.22,-0.01
2400102,5.85,0.54,13,0.22,-0.02
2450103,7.68,0.22,5,0.22,0.03
2500103,5.59,0.45,11,0.22,0.00
2550107,4.01,0.76,19,0.22,-0.02
2600107,6.72,0.46,11,0.22,-0.01
2650107,7.85,0.19,4,0.22,0.03
2700109,5.06,0.52,13,0.22,0.01
2750110,4.01,0.80,20,0.22,-0.04
2800110,6.89,0.46,11,0.22,0.02
2850110,7.68,0.24,6,0.22,0.00
2900113,5.41,0.49,12,0.22,0.02
2950116,4.71,0.67,17,0.22,-0.02
3000120,6.46,0.47,12,0.22,0.00
3050120,7.42,0.26,6,0.22,0.01
3100120,5.76,0.43,11,0.22,0.02
3150122,4.89,0.61,15,0.22,-0.01
3200124,6.63,0.40,10,0.22,0.00
3250127,6.72,0.32,8,0.22,0.02
3300130,5.41,0.49,12,0.22,-0.00
3350132,5.41,0.55,14,0.22,-0.00
3400133,6.63,0.38,9,0.22,-0.01
3450133,6.37,0.37,9,0.22,0.03
3500133,5.24,0.54,14,0.22,-0.01
3550137,6.11,0.45,11,0.22,-0.01
3600139,6.63,0.35,9,0.22,0.01
3650139,5.67,0.46,12,0.22,-0.00
3700139,5.24,0.57,14,0.22,-0.02
3750141,6.28,0.45,11,0.22,0.01
3800143,6.54,0.38,9,0.22,0.01
3850146,5.67,0.49,12,0.22,0.01
3900147,5.15,0.61,15,0.22,-0.01
3950149,5.67,0.59,15,0.22,0.01
4000150,6.98,0.00,0,0.22,-0.01
4050150,4.54,0.00,0,0.22,0.05
4100152,0.61,0.00,0,0.22,-0.03
4150155,-0.09,0.00,0,0.22,0.00
4200159,0.00,0.00,0,0.22,0.01
4250160,0.00,0.00,0,0.22,-0.00
4300162,0.00,0.00,0,0.22,0.00
4350162,0.00,0.00,0,0.22,-0.01
4400164,0.00,0.00,0,0.22,0.01
4450164,0.00,0.00,0,0.22,-0.00
4500166,0.00,0.00,0,0.22,0.01
4550167,0.00,0.00,0,0.22,0.00
4600169,0.00,0.00,0,0.22,0.00
4650169,0.00,0.00,0,0.22,-0.00
4700169,0.00,0.00,0,0.22,0.00
4750171,0.00,0.00,0,0.22,0.00
4800171,0.00,0.00,0,0.22,0.00
4850172,0.00,0.00,0,0.22,-0.00
4900175,0.00,0.00,0,0.22,0.00
4950176,0.00,0.00,0,0.22,-0.00
++++++++++++++++++++++++++++++++++++++++++++++++++++++
Enter a new Wheel Ref (keep under 7.5s to match sim max current of 15A): Starting new process at wheel ref = 10
++++++++++++++++++++++++++++++++++++++++++++++++++++++
Reference Wheel: 10
B_U1: 1
B_E0: 0.17870000
B_E1: -0.08935000
Sample Rate [ms]: 50
Step Started [ms]: 1000
Run Time [ms]: 3000
Data format: time_stamp_us,wheel_speed_rad_sec,command_volt,command_pwm,pitch_rad,ang_vel_rad_s
-------------------------------------------------------
24,0.00,0.00,0,0.22,-0.00
50025,0.00,0.00,0,0.22,0.02
100025,0.00,0.00,0,0.22,0.00
150027,0.00,0.00,0,0.22,0.00
200030,0.00,0.00,0,0.22,0.00
250032,0.00,0.00,0,0.22,0.00
300033,0.00,0.00,0,0.22,0.01
350035,0.00,0.00,0,0.22,0.01
400036,0.00,0.00,0,0.22,0.00
450038,0.00,0.00,0,0.22,-0.01
500040,0.00,0.00,0,0.22,0.01
550043,0.00,0.00,0,0.22,-0.00
600044,0.00,0.00,0,0.22,-0.00
650047,0.00,0.00,0,0.22,0.01
700048,0.00,0.00,0,0.22,-0.01
750049,0.00,0.00,0,0.22,0.01
800052,0.00,0.00,0,0.22,-0.02
850055,0.00,0.00,0,0.22,0.01
900058,0.00,0.00,0,0.22,-0.01
950061,0.00,0.00,0,0.22,0.00
1000062,0.00,1.79,46,0.22,0.00
1050065,9.08,1.06,27,0.22,-0.14
1100065,17.19,-0.31,-8,0.22,0.16
1150065,9.08,0.50,13,0.22,0.06
1200066,3.40,1.59,41,0.22,-0.06
1250067,11.61,0.72,18,0.22,-0.04
1300070,15.45,-0.11,-2,0.22,0.10
1350071,7.85,0.76,19,0.22,0.03
1400073,5.06,1.45,37,0.22,-0.06
1450073,12.39,0.58,15,0.22,-0.01
1500075,14.14,0.06,1,0.22,0.08
1550075,7.33,0.90,23,0.21,0.01
1600075,6.54,1.28,33,0.22,-0.06
1650076,12.74,0.48,12,0.22,0.02
1700079,13.09,0.18,4,0.21,0.05
1750081,7.33,0.93,24,0.21,0.00
1800081,7.42,1.15,30,0.22,-0.06
1850084,13.09,0.37,9,0.22,0.04
1900088,12.04,0.28,7,0.21,0.05
1950090,6.89,1.02,26,0.21,-0.01
2000091,8.46,1.01,26,0.21,-0.05
2050092,12.92,0.36,9,0.21,0.05
2100094,10.82,0.47,12,0.21,0.04
2150096,7.42,1.00,26,0.21,-0.02
2200097,8.90,0.97,25,0.21,-0.04
2250097,12.57,0.41,10,0.21,0.01
2300097,11.17,0.43,11,0.21,0.05
2350097,7.59,0.97,25,0.21,-0.01
2400100,9.42,0.86,22,0.22,-0.04
2450101,12.48,0.36,9,0.21,0.03
2500103,10.38,0.51,13,0.21,0.03
2550104,7.50,1.00,25,0.21,-0.02
2600104,9.60,0.84,22,0.21,-0.03
2650104,12.30,0.40,10,0.21,0.03
2700104,10.38,0.53,13,0.21,0.03
2750107,7.16,1.08,28,0.21,-0.01
2800110,9.60,0.89,23,0.22,-0.04
2850112,13.00,0.32,8,0.21,0.04
2900112,10.04,0.58,15,0.21,0.03
2950115,7.68,1.00,26,0.21,-0.03
3000117,10.56,0.69,18,0.21,-0.01
3050118,12.30,0.33,8,0.21,0.03
3100118,9.08,0.70,18,0.21,0.02
3150118,7.94,0.99,25,0.21,-0.02
3200121,10.91,0.64,16,0.21,-0.00
3250123,11.78,0.41,10,0.21,0.04
3300125,8.64,0.81,21,0.21,0.02
3350125,8.46,0.96,25,0.21,-0.03
3400126,11.61,0.54,13,0.21,0.02
3450129,10.65,0.56,14,0.21,0.04
3500131,8.46,0.90,23,0.21,-0.01
3550133,10.04,0.75,19,0.21,-0.03
3600135,11.52,0.48,12,0.21,0.03
3650135,10.12,0.60,15,0.21,0.02
3700135,8.64,0.85,22,0.21,-0.02
3750135,9.95,0.74,19,0.21,-0.01
3800135,11.34,0.49,12,0.21,0.00
3850138,9.69,0.67,17,0.21,0.03
3900142,8.55,0.90,23,0.21,-0.02
3950142,10.56,0.67,17,0.21,-0.01
4000142,11.00,0.00,0,0.21,0.01
4050144,6.11,0.00,0,0.21,0.03
4100145,1.22,0.00,0,0.21,-0.02
4150148,0.00,0.00,0,0.21,-0.00
4200149,0.00,0.00,0,0.21,0.00
4250150,0.00,0.00,0,0.21,-0.00
4300152,0.00,0.00,0,0.21,0.01
4350155,0.00,0.00,0,0.21,-0.00
4400158,0.00,0.00,0,0.21,0.01
4450160,0.00,0.00,0,0.21,0.00
4500162,0.00,0.00,0,0.21,0.01
4550165,0.00,0.00,0,0.21,-0.00
4600166,0.00,0.00,0,0.21,0.01
4650169,0.00,0.00,0,0.21,-0.00
4700170,0.00,0.00,0,0.21,-0.00
4750171,0.00,0.00,0,0.22,0.00
4800172,0.00,0.00,0,0.22,0.01
4850174,0.00,0.00,0,0.22,-0.01
4900177,0.00,0.00,0,0.22,0.00
4950177,0.00,0.00,0,0.22,-0.00
++++++++++++++++++++++++++++++++++++++++++++++++++++++
Enter a new Wheel Ref (keep under 7.5s to match sim max current of 15A): Starting new process at wheel ref = 30
++++++++++++++++++++++++++++++++++++++++++++++++++++++
Reference Wheel: 30
B_U1: 1
B_E0: 0.17870000
B_E1: -0.08935000
Sample Rate [ms]: 50
Step Started [ms]: 1000
Run Time [ms]: 3000
Data format: time_stamp_us,wheel_speed_rad_sec,command_volt,command_pwm,pitch_rad,ang_vel_rad_s
-------------------------------------------------------
24,0.00,0.00,0,0.22,0.01
50025,0.00,0.00,0,0.22,-0.01
100028,0.00,0.00,0,0.22,0.00
150029,0.00,0.00,0,0.22,-0.01
200032,0.00,0.00,0,0.22,0.00
250033,0.00,0.00,0,0.22,0.00
300036,0.00,0.00,0,0.22,-0.00
350036,0.00,0.00,0,0.22,0.00
400039,0.00,0.00,0,0.22,-0.01
450039,0.00,0.00,0,0.22,0.01
500041,0.00,0.00,0,0.22,-0.00
550044,0.00,0.00,0,0.22,0.00
600046,0.00,0.00,0,0.22,-0.00
650048,0.00,0.00,0,0.22,0.00
700049,0.00,0.00,0,0.22,0.00
750050,0.00,0.00,0,0.22,0.01
800052,0.00,0.00,0,0.22,-0.01
850055,0.00,0.00,0,0.22,0.00
900055,0.00,0.00,0,0.22,-0.01
950055,0.00,0.00,0,0.22,0.00
1000058,0.00,5.36,139,0.22,0.00
1050060,14.14,5.52,143,0.22,-0.18
1100060,42.41,1.88,49,0.22,0.41
1150060,47.56,-0.15,-3,0.21,0.15
1200061,25.83,2.17,56,0.21,0.20
1250064,18.41,3.86,100,0.21,-0.10
1300065,34.73,1.98,51,0.21,0.15
1350065,39.71,0.67,17,0.21,0.10
1400068,27.84,1.92,50,0.20,-0.02
1450071,23.82,2.84,73,0.21,-0.09
1500071,32.46,1.84,48,0.21,0.01
1550071,35.60,1.06,27,0.21,0.07
1600073,27.58,2.00,52,0.21,0.07
1650074,25.22,2.63,68,0.21,-0.10
1700075,32.81,1.70,44,0.21,-0.04
1750077,33.77,1.28,33,0.21,0.02
1800077,27.49,2.07,53,0.21,0.02
1850078,26.96,2.38,62,0.21,0.01
1900081,32.11,1.74,45,0.21,-0.00
1950081,32.81,1.42,37,0.21,-0.01
2000084,28.36,1.97,51,0.21,-0.02
2050087,27.40,2.28,59,0.20,0.06
2100090,31.50,1.78,46,0.20,0.03
2150091,32.29,1.51,39,0.20,0.01
2200093,28.80,1.93,50,0.20,0.00
2250094,28.10,2.16,56,0.21,-0.06
2300096,30.98,1.82,47,0.20,0.02
2350098,31.76,1.59,41,0.20,-0.01
2400098,29.23,1.88,49,0.20,-0.01
2450098,28.36,2.11,55,0.20,0.03
2500098,30.63,1.85,48,0.20,0.04
2550100,31.41,1.65,43,0.21,-0.07
2600102,29.76,1.82,47,0.21,0.08
2650104,28.88,2.00,52,0.21,-0.03
2700108,30.02,1.90,49,0.21,-0.04
2750110,31.07,1.71,44,0.21,-0.01
2800110,29.93,1.82,47,0.21,0.02
2850110,29.06,1.98,51,0.21,0.01
2900111,29.76,1.94,50,0.21,0.02
2950112,30.89,1.76,45,0.20,0.03
3000112,30.11,1.82,47,0.20,0.01
3050112,29.32,1.95,50,0.20,-0.02
3100112,29.67,1.94,50,0.20,0.02
3150112,30.46,1.83,47,0.20,-0.02
3200114,30.37,1.81,47,0.21,0.05
3250114,29.85,1.87,48,0.21,0.00
3300114,29.50,1.95,50,0.20,0.03
3350117,29.93,1.91,49,0.20,-0.00
3400118,30.89,1.75,45,0.20,0.03
3450118,29.76,1.87,48,0.20,-0.05
3500119,29.32,1.97,51,0.20,0.02
3550120,30.02,1.91,49,0.20,0.04
3600121,30.80,1.76,46,0.20,-0.03
3650121,30.19,1.80,47,0.20,-0.02
3700122,29.50,1.91,49,0.20,0.01
3750123,29.50,1.95,50,0.20,0.06
3800125,30.54,1.81,47,0.20,-0.03
3850127,30.54,1.76,46,0.20,-0.00
3900130,29.49,1.90,49,0.20,0.01
3950134,29.23,1.99,52,0.20,-0.03
4000134,30.72,0.00,0,0.20,-0.01
4050135,19.63,0.00,0,0.20,0.12
4100138,5.24,0.00,0,0.20,0.02
4150139,0.70,0.00,0,0.20,0.00
4200139,-0.09,0.00,0,0.20,-0.01
4250143,0.00,0.00,0,0.20,0.01
4300143,0.00,0.00,0,0.20,0.00
4350143,0.00,0.00,0,0.20,-0.00
4400143,0.00,0.00,0,0.20,0.00
4450144,0.00,0.00,0,0.20,0.00
4500144,0.00,0.00,0,0.20,-0.00
4550147,0.00,0.00,0,0.20,-0.00
4600147,0.00,0.00,0,0.20,-0.01
4650148,0.00,0.00,0,0.20,-0.01
4700150,0.00,0.00,0,0.20,-0.00
4750151,0.00,0.00,0,0.20,0.00
4800152,0.00,0.00,0,0.20,0.00
4850155,0.00,0.00,0,0.20,-0.00
4900156,0.00,0.00,0,0.20,-0.00
4950156,0.00,0.00,0,0.20,0.01
++++++++++++++++++++++++++++++++++++++++++++++++++++++
Enter a new Wheel Ref (keep under 7.5s to match sim max current of 15A): Starting new process at wheel ref = 40
++++++++++++++++++++++++++++++++++++++++++++++++++++++
Reference Wheel: 40
B_U1: 1
B_E0: 0.17870000
B_E1: -0.08935000
Sample Rate [ms]: 50
Step Started [ms]: 1000
Run Time [ms]: 3000
Data format: time_stamp_us,wheel_speed_rad_sec,command_volt,command_pwm,pitch_rad,ang_vel_rad_s
-------------------------------------------------------
23,0.00,0.00,0,0.21,-0.00
50024,0.00,0.00,0,0.21,-0.00
100027,0.00,0.00,0,0.21,0.00
150029,0.00,0.00,0,0.21,-0.01
200031,0.00,0.00,0,0.21,0.00
250033,0.00,0.00,0,0.21,-0.00
300035,0.00,0.00,0,0.21,0.00
350037,0.00,0.00,0,0.21,-0.00
400039,0.00,0.00,0,0.21,0.00
450041,0.00,0.00,0,0.21,0.00
500042,0.00,0.00,0,0.21,0.00
550043,0.00,0.00,0,0.21,-0.00
600047,0.00,0.00,0,0.21,0.00
650049,0.00,0.00,0,0.21,-0.01
700052,0.00,0.00,0,0.21,0.00
750055,0.00,0.00,0,0.21,0.00
800057,0.00,0.00,0,0.21,0.00
850059,0.00,0.00,0,0.21,0.01
900059,0.00,0.00,0,0.21,-0.01
950060,0.00,0.00,0,0.21,0.01
1000062,0.00,7.15,186,0.21,-0.01
1050062,14.31,8.16,213,0.22,-0.21
1100064,40.93,5.70,148,0.22,0.08
1150066,57.51,2.66,69,0.22,0.01
1200068,57.59,1.08,28,0.21,0.00
1250070,42.67,2.17,56,0.21,0.11
1300073,34.21,3.45,89,0.21,-0.04
1350074,39.79,2.97,77,0.21,-0.07
1400076,45.29,2.00,52,0.21,0.08
1450078,42.67,2.00,52,0.21,0.02
1500078,36.65,2.83,73,0.22,0.02
1550080,37.35,3.01,78,0.22,-0.10
1600080,42.76,2.28,59,0.22,-0.02
1650080,42.41,2.09,54,0.21,0.10
1700080,38.22,2.63,68,0.22,-0.01
1750083,38.57,2.72,71,0.22,-0.12
1800085,40.58,2.49,65,0.22,0.07
1850087,41.45,2.29,59,0.21,-0.03
1900089,39.44,2.52,65,0.21,-0.03
1950090,39.27,2.60,67,0.21,-0.01
2000093,40.40,2.46,64,0.21,0.05
2050093,40.14,2.47,64,0.21,-0.03
2100095,40.32,2.43,63,0.21,0.09
2150095,40.14,2.43,63,0.21,-0.07
2200095,39.88,2.46,64,0.21,0.00
2250095,39.88,2.47,64,0.21,-0.03
2300095,39.79,2.50,65,0.21,-0.06
2350095,39.71,2.53,66,0.21,-0.09
2400097,39.70,2.56,66,0.21,0.15
2450101,40.66,2.42,63,0.21,0.06
2500101,40.23,2.43,63,0.21,-0.01
2550103,39.79,2.49,65,0.20,-0.10
2600103,40.67,2.35,61,0.21,-0.14
2650103,39.62,2.48,64,0.21,0.01
2700105,38.92,2.64,68,0.21,-0.06
2750106,39.79,2.58,67,0.21,-0.04
2800107,40.23,2.52,65,0.21,-0.12
2850110,40.75,2.41,62,0.21,0.20
2900111,40.23,2.43,63,0.21,-0.08
2950113,39.36,2.57,67,0.21,0.08
3000113,39.44,2.61,68,0.21,-0.04
3050113,41.02,2.38,62,0.21,-0.09
3100113,39.97,2.48,64,0.21,0.26
3150114,39.18,2.62,68,0.21,-0.09
3200118,39.62,2.62,68,0.21,-0.17
3250118,41.10,2.38,62,0.22,-0.09
3300118,40.40,2.41,62,0.22,-0.09
3350121,39.88,2.47,64,0.22,-0.12
3400122,39.36,2.57,67,0.22,-0.03
3450124,39.88,2.54,66,0.22,0.05
3500126,40.75,2.39,62,0.21,-0.03
3550127,39.36,2.57,67,0.22,-0.12
3600128,38.92,2.71,70,0.22,0.12
3650129,41.01,2.43,63,0.22,-0.11
3700131,40.84,2.37,61,0.22,-0.08
3750132,38.92,2.64,68,0.21,0.09
3800133,39.36,2.66,69,0.21,-0.09
3850134,40.14,2.58,67,0.22,-0.00
3900136,39.88,2.61,68,0.21,0.02
3950136,41.28,2.37,61,0.22,-0.12
4000138,40.49,0.00,0,0.21,0.15
4050138,24.52,0.00,0,0.21,0.20
4100140,6.11,0.00,0,0.21,-0.08
4150142,0.70,0.00,0,0.21,0.00
4200143,-0.09,0.00,0,0.21,0.00
4250146,0.00,0.00,0,0.21,-0.00
4300147,0.00,0.00,0,0.21,0.00
4350148,0.00,0.00,0,0.21,-0.00
4400148,0.00,0.00,0,0.21,0.00
4450148,0.00,0.00,0,0.21,-0.00
4500151,0.00,0.00,0,0.21,-0.00
4550154,0.00,0.00,0,0.21,0.00
4600154,0.00,0.00,0,0.21,-0.00
4650157,0.00,0.00,0,0.21,0.00
4700160,0.00,0.00,0,0.21,-0.01
4750162,0.00,0.00,0,0.21,-0.00
4800162,0.00,0.00,0,0.21,0.00
4850163,0.00,0.00,0,0.21,-0.00
4900164,0.00,0.00,0,0.21,-0.00
4950165,0.00,0.00,0,0.21,-0.00
++++++++++++++++++++++++++++++++++++++++++++++++++++++
Enter a new Wheel Ref (keep under 7.5s to match sim max current of 15A): Starting new process at wheel ref = -5
++++++++++++++++++++++++++++++++++++++++++++++++++++++
Reference Wheel: -5
B_U1: 1
B_E0: 0.17870000
B_E1: -0.08935000
Sample Rate [ms]: 50
Step Started [ms]: 1000
Run Time [ms]: 3000
Data format: time_stamp_us,wheel_speed_rad_sec,command_volt,command_pwm,pitch_rad,ang_vel_rad_s
-------------------------------------------------------
23,0.00,0.00,0,0.23,-0.01
50024,0.00,0.00,0,0.23,0.02
100026,0.00,0.00,0,0.23,-0.00
150028,0.00,0.00,0,0.23,-0.01
200030,0.00,0.00,0,0.23,0.01
250030,0.00,0.00,0,0.23,-0.01
300032,0.00,0.00,0,0.23,0.01
350032,0.00,0.00,0,0.23,-0.02
400032,0.00,0.00,0,0.23,0.01
450033,0.00,0.00,0,0.23,0.00
500033,0.00,0.00,0,0.23,-0.01
550035,0.00,0.00,0,0.23,0.00
600035,0.00,0.00,0,0.23,-0.01
650037,0.00,0.00,0,0.23,0.00
700040,0.00,0.00,0,0.23,-0.01
750040,0.00,0.00,0,0.23,0.00
800040,0.00,0.00,0,0.23,0.01
850043,0.00,0.00,0,0.23,-0.01
900043,0.00,0.00,0,0.23,0.01
950045,0.00,0.00,0,0.23,-0.01
1000047,0.00,-0.89,-23,0.23,0.01
1050047,-4.97,-0.45,-11,0.22,0.11
1100048,-8.20,0.12,3,0.23,-0.12
1150050,-2.88,-0.54,-14,0.23,-0.05
1200053,-2.79,-0.75,-19,0.22,0.16
1250056,-7.33,-0.13,-3,0.22,-0.04
1300059,-5.85,-0.19,-4,0.23,-0.07
1350059,-2.53,-0.71,-18,0.23,0.07
1400060,-5.32,-0.43,-11,0.22,0.04
1450060,-7.24,-0.06,-1,0.23,-0.07
1500061,-3.49,-0.53,-13,0.23,-0.02
1550064,-3.32,-0.69,-18,0.23,0.09
1600065,-7.59,-0.08,-2,0.23,-0.03
1650068,-5.58,-0.21,-5,0.23,-0.08
1700070,-2.62,-0.68,-17,0.23,0.08
1750071,-5.24,-0.43,-11,0.22,0.01
1800074,-7.07,-0.08,-2,0.23,-0.05
1850074,-4.01,-0.44,-11,0.23,-0.02
1900074,-3.40,-0.64,-16,0.23,0.08
1950076,-6.72,-0.19,-4,0.23,-0.02
2000076,-5.41,-0.27,-7,0.23,-0.06
2050078,-3.32,-0.61,-15,0.23,0.06
2100080,-5.32,-0.40,-10,0.23,-0.00
2150080,-6.46,-0.17,-4,0.23,-0.02
2200080,-4.19,-0.44,-11,0.23,-0.02
2250082,-4.10,-0.53,-13,0.23,0.05
2300085,-5.76,-0.31,-8,0.23,-0.02
2350087,-5.06,-0.37,-9,0.23,-0.01
2400087,-4.36,-0.49,-12,0.23,0.02
2450089,-5.50,-0.34,-8,0.23,0.00
2500089,-5.41,-0.32,-8,0.23,-0.02
2550089,-4.45,-0.45,-11,0.23,0.02
2600089,-4.63,-0.47,-12,0.23,0.01
2650091,-5.67,-0.32,-8,0.23,-0.01
2700094,-5.32,-0.32,-8,0.23,-0.01
2750094,-4.63,-0.41,-10,0.23,0.03
2800094,-4.80,-0.42,-10,0.23,0.00
2850097,-5.32,-0.34,-8,0.23,0.02
2900100,-4.80,-0.40,-10,0.23,-0.02
2950102,-4.71,-0.44,-11,0.23,0.03
3000102,-5.50,-0.32,-8,0.23,-0.02
3050104,-5.24,-0.33,-8,0.23,0.00
3100105,-4.54,-0.43,-11,0.23,-0.00
3150105,-4.89,-0.41,-10,0.23,0.01
3200106,-5.50,-0.31,-8,0.23,-0.02
3250106,-4.97,-0.36,-9,0.23,-0.00
3300108,-4.62,-0.42,-11,0.23,-0.00
3350111,-5.24,-0.35,-9,0.23,0.03
3400113,-5.32,-0.31,-8,0.23,-0.02
3450113,-4.28,-0.47,-12,0.23,0.02
3500113,-4.89,-0.42,-11,0.23,0.00
3550115,-5.76,-0.28,-7,0.23,-0.01
3600116,-5.15,-0.32,-8,0.23,-0.01
3650117,-4.10,-0.49,-12,0.23,0.01
3700118,-4.80,-0.45,-11,0.23,0.01
3750119,-5.41,-0.36,-9,0.23,-0.00
3800119,-5.06,-0.38,-10,0.23,0.00
3850119,-5.15,-0.36,-9,0.23,0.01
3900122,-5.15,-0.35,-9,0.23,-0.01
3950122,-4.80,-0.40,-10,0.23,0.00
4000125,-4.71,0.00,0,0.23,-0.00
4050126,-2.18,0.00,0,0.23,-0.06
4100127,-0.09,0.00,0,0.23,0.03
4150128,0.00,0.00,0,0.23,-0.03
4200130,0.00,0.00,0,0.23,0.02
4250132,0.00,0.00,0,0.23,-0.01
4300134,0.00,0.00,0,0.23,0.00
4350135,0.00,0.00,0,0.23,0.00
4400136,0.00,0.00,0,0.23,-0.00
4450138,0.00,0.00,0,0.23,0.01
4500139,0.00,0.00,0,0.23,-0.00
4550142,0.00,0.00,0,0.23,0.00
4600143,0.00,0.00,0,0.23,-0.01
4650143,0.00,0.00,0,0.23,0.00
4700145,0.00,0.00,0,0.23,-0.00
4750146,0.00,0.00,0,0.23,0.01
4800146,0.00,0.00,0,0.23,0.00
4850147,0.00,0.00,0,0.23,0.00
4900147,0.00,0.00,0,0.23,0.00
4950147,0.00,0.00,0,0.23,0.00
++++++++++++++++++++++++++++++++++++++++++++++++++++++
Enter a new Wheel Ref (keep under 7.5s to match sim max current of 15A): Starting new process at wheel ref = -10
++++++++++++++++++++++++++++++++++++++++++++++++++++++
Reference Wheel: -10
B_U1: 1
B_E0: 0.17870000
B_E1: -0.08935000
Sample Rate [ms]: 50
Step Started [ms]: 1000
Run Time [ms]: 3000
Data format: time_stamp_us,wheel_speed_rad_sec,command_volt,command_pwm,pitch_rad,ang_vel_rad_s
-------------------------------------------------------
24,0.00,0.00,0,0.23,-0.01
50025,0.00,0.00,0,0.23,0.02
100028,0.00,0.00,0,0.23,-0.01
150030,0.00,0.00,0,0.23,0.00
200031,0.00,0.00,0,0.24,-0.02
250034,0.00,0.00,0,0.24,0.01
300036,0.00,0.00,0,0.23,-0.00
350037,0.00,0.00,0,0.23,0.00
400037,0.00,0.00,0,0.23,0.01
450039,0.00,0.00,0,0.23,-0.02
500042,0.00,0.00,0,0.23,0.01
550044,0.00,0.00,0,0.23,-0.01
600045,0.00,0.00,0,0.23,0.01
650048,0.00,0.00,0,0.23,0.02
700049,0.00,0.00,0,0.23,0.00
750050,0.00,0.00,0,0.23,0.01
800050,0.00,0.00,0,0.23,0.01
850053,0.00,0.00,0,0.23,-0.01
900054,0.00,0.00,0,0.23,0.01
950054,0.00,0.00,0,0.23,-0.01
1000058,0.00,-1.79,-46,0.23,0.01
1050058,-9.95,-0.90,-23,0.23,0.08
1100060,-16.75,0.31,8,0.24,-0.20
1150063,-6.89,-0.85,-22,0.24,-0.05
1200063,-4.89,-1.49,-38,0.24,0.25
1250065,-14.31,-0.26,-6,0.23,-0.05
1300066,-12.39,-0.22,-5,0.24,-0.23
1350067,-5.41,-1.25,-32,0.24,0.18
1400069,-9.08,-1.01,-26,0.23,0.09
1450070,-14.57,-0.11,-2,0.23,-0.16
1500073,-9.86,-0.54,-14,0.24,-0.05
1550075,-5.67,-1.30,-33,0.24,0.19
1600079,-11.26,-0.69,-17,0.23,-0.02
1650082,-13.70,-0.14,-3,0.24,-0.16
1700083,-7.50,-0.92,-23,0.24,0.05
1750083,-7.50,-1.14,-29,0.23,0.14
1800086,-13.18,-0.35,-9,0.23,-0.10
1850089,-11.52,-0.36,-9,0.24,-0.11
1900092,-6.63,-1.10,-28,0.24,0.09
1950094,-9.69,-0.85,-22,0.23,0.06
2000094,-13.09,-0.27,-7,0.23,-0.14
2050096,-9.51,-0.64,-16,0.24,-0.00
2100096,-7.07,-1.12,-29,0.24,0.13
2150096,-11.26,-0.63,-16,0.23,-0.00
2200096,-12.57,-0.28,-7,0.24,-0.12
2250096,-7.85,-0.90,-23,0.24,0.06
2300098,-8.29,-1.01,-26,0.23,0.11
2350098,-12.65,-0.38,-10,0.23,-0.08
2400101,-10.99,-0.44,-11,0.24,-0.07
2450104,-7.33,-1.01,-26,0.24,0.10
2500104,-9.86,-0.80,-20,0.23,0.03
2550104,-12.48,-0.34,-8,0.23,-0.09
2600104,-9.16,-0.71,-18,0.24,-0.10
2650107,-7.77,-1.04,-27,0.24,0.10
2700108,-11.34,-0.60,-15,0.23,0.03
2750111,-11.78,-0.40,-10,0.23,-0.10
2800112,-8.20,-0.88,-22,0.24,-0.03
2850112,-8.81,-0.93,-24,0.23,0.13
2900114,-12.13,-0.44,-11,0.23,-0.01
2950116,-10.73,-0.50,-13,0.24,-0.14
3000117,-8.03,-0.92,-24,0.24,0.09
3050119,-9.95,-0.75,-19,0.23,0.05
3100119,-11.87,-0.41,-10,0.23,-0.04
3150121,-9.42,-0.68,-17,0.24,-0.06
3200121,-8.20,-0.95,-24,0.23,0.11
3250123,-10.65,-0.68,-17,0.23,0.02
3300124,-11.61,-0.45,-11,0.23,-0.05
3350127,-8.90,-0.79,-20,0.23,-0.00
3400131,-8.55,-0.95,-24,0.23,0.06
3450132,-11.69,-0.52,-13,0.23,0.02
3500132,-10.82,-0.52,-13,0.23,-0.08
3550135,-8.29,-0.90,-23,0.23,0.04
3600137,-9.86,-0.77,-20,0.23,0.04
3650137,-11.96,-0.41,-10,0.23,-0.04
3700139,-9.60,-0.66,-17,0.23,-0.03
3750141,-8.20,-0.94,-24,0.23,0.03
3800143,-10.82,-0.64,-16,0.23,0.02
3850144,-11.52,-0.44,-11,0.23,-0.05
3900144,-8.64,-0.82,-21,0.23,-0.01
3950145,-8.55,-0.95,-24,0.23,0.04
4000146,-11.78,0.00,0,0.23,-0.00
4050147,-7.77,0.00,0,0.23,-0.14
4100148,-0.96,0.00,0,0.24,0.03
4150148,0.00,0.00,0,0.23,0.11
4200149,0.00,0.00,0,0.23,-0.09
4250151,0.00,0.00,0,0.24,0.03
4300153,0.00,0.00,0,0.23,0.01
4350153,0.00,0.00,0,0.24,-0.04
4400153,0.00,0.00,0,0.24,0.03
4450153,0.00,0.00,0,0.23,0.01
4500154,0.00,0.00,0,0.24,-0.04
4550156,0.00,0.00,0,0.24,0.02
4600156,0.00,0.00,0,0.23,0.01
4650156,0.00,0.00,0,0.24,-0.01
4700158,0.00,0.00,0,0.24,0.00
4750160,0.00,0.00,0,0.24,0.01
4800162,0.00,0.00,0,0.24,-0.01
4850164,0.00,0.00,0,0.24,0.00
4900166,0.00,0.00,0,0.23,0.01
4950168,0.00,0.00,0,0.23,-0.01
++++++++++++++++++++++++++++++++++++++++++++++++++++++
Enter a new Wheel Ref (keep under 7.5s to match sim max current of 15A): Starting new process at wheel ref = -20
++++++++++++++++++++++++++++++++++++++++++++++++++++++
Reference Wheel: -20
B_U1: 1
B_E0: 0.17870000
B_E1: -0.08935000
Sample Rate [ms]: 50
Step Started [ms]: 1000
Run Time [ms]: 3000
Data format: time_stamp_us,wheel_speed_rad_sec,command_volt,command_pwm,pitch_rad,ang_vel_rad_s
-------------------------------------------------------
24,0.00,0.00,0,0.24,0.01
50025,0.00,0.00,0,0.24,-0.02
100025,0.00,0.00,0,0.24,0.03
150027,0.00,0.00,0,0.24,-0.02
200028,0.00,0.00,0,0.24,0.02
250028,0.00,0.00,0,0.24,-0.01
300031,0.00,0.00,0,0.24,0.02
350032,0.00,0.00,0,0.24,-0.01
400033,0.00,0.00,0,0.24,0.01
450035,0.00,0.00,0,0.24,-0.02
500036,0.00,0.00,0,0.24,0.03
550036,0.00,0.00,0,0.24,-0.03
600038,0.00,0.00,0,0.24,0.03
650040,0.00,0.00,0,0.24,-0.01
700044,0.00,0.00,0,0.24,0.00
750047,0.00,0.00,0,0.24,0.01
800048,0.00,0.00,0,0.24,-0.00
850050,0.00,0.00,0,0.24,-0.00
900050,0.00,0.00,0,0.24,0.00
950052,0.00,0.00,0,0.24,0.01
1000054,0.00,-3.57,-93,0.24,-0.01
1050055,-17.10,-2.30,-60,0.24,0.30
1100056,-34.30,0.51,13,0.23,-0.17
1150056,-18.76,-0.99,-25,0.25,-0.57
1200059,-8.03,-3.02,-78,0.26,0.33
1250062,-23.04,-1.41,-36,0.24,0.57
1300063,-29.41,0.00,0,0.23,-0.30
1350066,-15.36,-1.67,-43,0.26,-0.60
1400067,-13.70,-2.38,-62,0.26,0.48
1450070,-25.83,-0.77,-20,0.23,0.24
1500073,-24.35,-0.52,-13,0.24,-0.47
1550073,-14.49,-1.89,-49,0.25,0.00
1600074,-16.84,-1.96,-51,0.24,0.41
1650077,-25.74,-0.65,-17,0.23,-0.02
1700079,-21.73,-0.86,-22,0.25,-0.39
1750082,-15.27,-1.86,-48,0.25,0.10
1800085,-19.55,-1.52,-39,0.24,0.37
1850088,-23.74,-0.81,-21,0.24,-0.12
1900089,-19.63,-1.21,-31,0.25,-0.26
1950091,-17.10,-1.69,-44,0.25,0.15
2000092,-20.86,-1.28,-33,0.24,0.21
2050095,-22.34,-0.94,-24,0.24,-0.16
2100098,-19.02,-1.32,-34,0.25,-0.12
2150100,-18.15,-1.57,-40,0.24,0.20
2200102,-21.12,-1.20,-31,0.24,0.05
2250105,-21.20,-1.09,-28,0.24,-0.14
2300105,-18.85,-1.40,-36,0.25,-0.05
2350106,-19.46,-1.39,-36,0.24,0.19
2400108,-21.12,-1.14,-29,0.24,-0.02
2450108,-20.07,-1.23,-32,0.24,-0.10
2500109,-19.11,-1.40,-36,0.24,0.08
2550109,-20.16,-1.29,-33,0.24,0.03
2600110,-20.51,-1.21,-31,0.24,-0.05
2650112,-19.81,-1.29,-33,0.24,-0.01
2700112,-19.72,-1.32,-34,0.24,0.06
2750114,-20.25,-1.26,-32,0.24,0.00
2800117,-20.16,-1.25,-32,0.24,-0.04
2850118,-19.55,-1.34,-35,0.24,0.02
2900120,-19.98,-1.31,-34,0.24,0.02
2950120,-20.68,-1.18,-30,0.24,-0.03
3000121,-19.98,-1.25,-32,0.24,-0.01
3050121,-19.29,-1.37,-35,0.24,0.03
3100121,-20.07,-1.30,-33,0.24,0.01
3150124,-20.33,-1.24,-32,0.24,-0.02
3200125,-19.98,-1.28,-33,0.24,0.00
3250127,-19.63,-1.34,-34,0.24,0.01
3300127,-20.25,-1.26,-32,0.24,0.02
3350127,-20.25,-1.24,-32,0.24,-0.02
3400128,-19.81,-1.30,-33,0.24,-0.01
3450129,-19.63,-1.35,-35,0.24,0.02
3500131,-20.33,-1.25,-32,0.24,0.01
3550131,-20.25,-1.24,-32,0.24,-0.03
3600131,-19.81,-1.30,-33,0.24,0.02
3650132,-19.98,-1.28,-33,0.24,0.02
3700132,-20.07,-1.27,-33,0.24,0.02
3750133,-20.07,-1.26,-32,0.24,0.01
3800133,-19.63,-1.33,-34,0.24,-0.02
3850134,-19.90,-1.32,-34,0.24,0.01
3900135,-20.42,-1.23,-32,0.24,0.01
3950137,-20.33,-1.21,-31,0.24,0.00
4000138,-19.63,0.00,0,0.24,-0.01
4050139,-11.96,0.00,0,0.24,-0.17
4100142,-2.71,0.00,0,0.25,-0.02
4150142,-0.17,0.00,0,0.24,0.19
4200144,0.00,0.00,0,0.24,-0.06
4250146,0.00,0.00,0,0.24,-0.01
4300149,0.00,0.00,0,0.24,0.03
4350150,0.00,0.00,0,0.24,-0.03
4400154,0.00,0.00,0,0.24,0.01
4450156,0.00,0.00,0,0.24,0.01
4500157,0.00,0.00,0,0.24,-0.01
4550159,0.00,0.00,0,0.24,-0.00
4600159,0.00,0.00,0,0.24,0.00
4650161,0.00,0.00,0,0.24,0.00
4700163,0.00,0.00,0,0.24,-0.01
4750166,0.00,0.00,0,0.24,0.00
4800167,0.00,0.00,0,0.24,-0.02
4850170,0.00,0.00,0,0.24,-0.00
4900173,0.00,0.00,0,0.24,0.00
4950174,0.00,0.00,0,0.24,-0.00
++++++++++++++++++++++++++++++++++++++++++++++++++++++
Enter a new Wheel Ref (keep under 7.5s to match sim max current of 15A): 