Starting new process at wheel refSerial initialized!
Starting new process at wheel ref = 0
++++++++++++++++++++++++++++++++++++++++++++++++++++++
Reference Wheel: 0
B_U1: 1.35000000
B_U2: -0.35000000
B_E0: 0.16000000
B_E1: -0.14880000
B_E2: 0.03392000
Sample Rate [ms]: 50
Step Started [ms]: 1000
Run Time [ms]: 3000
Data format: time_stamp_us,wheel_speed_rad_sec,command_volt,command_pwm,pitch_rad,ang_vel_rad_s
-------------------------------------------------------
23,0.00,0.00,0,0.11,0.00
50024,0.00,0.00,0,0.11,0.00
100024,0.00,0.00,0,0.11,0.00
150024,0.00,0.00,0,0.11,0.00
200027,0.00,0.00,0,0.11,0.00
250028,0.00,0.00,0,0.11,0.00
300028,0.00,0.00,0,0.11,0.00
350028,0.00,0.00,0,0.11,0.00
400028,0.00,0.00,0,0.11,0.00
450028,0.00,0.00,0,0.11,0.00
500031,0.00,0.00,0,0.11,0.00
550032,0.00,0.00,0,0.11,0.00
600032,0.00,0.00,0,0.11,0.00
650032,0.00,0.00,0,0.11,0.00
700032,0.00,0.00,0,0.11,0.00
750035,0.00,0.00,0,0.11,-0.00
800035,0.00,0.00,0,0.11,0.00
850036,0.00,0.00,0,0.11,0.00
900036,0.00,0.00,0,0.11,-0.00
950036,0.00,0.00,0,0.11,-0.00
1000036,0.00,0.00,0,0.11,-0.00
1050036,0.00,0.00,0,0.11,0.00
1100039,0.00,0.00,0,0.11,0.00
1150039,0.00,0.00,0,0.11,0.00
1200039,0.00,0.00,0,0.11,0.00
1250040,0.00,0.00,0,0.11,0.00
1300040,0.00,0.00,0,0.11,0.00
1350040,0.00,0.00,0,0.11,0.00
1400040,0.00,0.00,0,0.11,0.00
1450043,0.00,0.00,0,0.11,0.00
1500044,0.00,0.00,0,0.11,0.00
1550044,0.00,0.00,0,0.11,0.00
1600044,0.00,0.00,0,0.11,-0.00
1650047,0.00,0.00,0,0.11,0.00
1700048,0.00,0.00,0,0.11,0.00
1750051,0.00,0.00,0,0.11,0.00
1800051,0.00,0.00,0,0.11,0.00
1850052,0.00,0.00,0,0.11,0.00
1900053,0.00,0.00,0,0.11,-0.00
1950056,0.00,0.00,0,0.11,0.00
2000056,0.00,0.00,0,0.11,0.00
2050056,0.00,0.00,0,0.11,0.00
2100056,0.00,0.00,0,0.11,0.00
2150059,0.00,0.00,0,0.11,0.00
2200060,0.00,0.00,0,0.11,0.00
2250060,0.00,0.00,0,0.11,0.00
2300060,0.00,0.00,0,0.11,0.00
2350060,0.00,0.00,0,0.11,-0.00
2400060,0.00,0.00,0,0.11,0.00
2450060,0.00,0.00,0,0.11,0.00
2500060,0.00,0.00,0,0.11,0.00
2550060,0.00,0.00,0,0.11,-0.00
2600060,0.00,0.00,0,0.11,-0.00
2650060,0.00,0.00,0,0.11,0.00
2700060,0.00,0.00,0,0.11,0.00
2750060,0.00,0.00,0,0.11,0.00
2800060,0.00,0.00,0,0.11,0.00
2850060,0.00,0.00,0,0.11,0.00
2900060,0.00,0.00,0,0.11,0.00
2950060,0.00,0.00,0,0.11,-0.00
3000060,0.00,0.00,0,0.11,-0.00
3050060,0.00,0.00,0,0.11,-0.00
3100060,0.00,0.00,0,0.11,0.00
3150060,0.00,0.00,0,0.11,-0.00
3200060,0.00,0.00,0,0.11,-0.00
3250060,0.00,0.00,0,0.11,-0.00
3300060,0.00,0.00,0,0.11,-0.00
3350060,0.00,0.00,0,0.11,0.00
3400063,0.00,0.00,0,0.11,-0.00
3450064,0.00,0.00,0,0.11,0.00
3500064,0.00,0.00,0,0.11,0.00
3550064,0.00,0.00,0,0.11,-0.00
3600064,0.00,0.00,0,0.11,-0.00
3650064,0.00,0.00,0,0.11,0.00
3700064,0.00,0.00,0,0.11,-0.00
3750064,0.00,0.00,0,0.11,-0.00
3800064,0.00,0.00,0,0.11,0.00
3850067,0.00,0.00,0,0.11,0.00
3900068,0.00,0.00,0,0.11,0.00
3950068,0.00,0.00,0,0.11,-0.00
4000071,0.00,0.00,0,0.11,0.00
4050072,0.00,0.00,0,0.11,0.00
4100072,0.00,0.00,0,0.11,0.00
4150072,0.00,0.00,0,0.11,0.00
4200072,0.00,0.00,0,0.11,0.00
4250072,0.00,0.00,0,0.11,-0.00
4300072,0.00,0.00,0,0.11,0.00
4350072,0.00,0.00,0,0.11,0.00
4400072,0.00,0.00,0,0.11,0.00
4450072,0.00,0.00,0,0.11,0.00
4500072,0.00,0.00,0,0.11,0.00
4550072,0.00,0.00,0,0.11,0.00
4600072,0.00,0.00,0,0.11,-0.00
4650072,0.00,0.00,0,0.11,-0.00
4700072,0.00,0.00,0,0.11,-0.00
4750072,0.00,0.00,0,0.11,0.00
4800072,0.00,0.00,0,0.11,0.00
4850072,0.00,0.00,0,0.11,0.00
4900072,0.00,0.00,0,0.11,0.00
4950072,0.00,0.00,0,0.11,0.00
++++++++++++++++++++++++++++++++++++++++++++++++++++++
Enter a new Wheel Ref (keep under 7.5s to match sim max current of 15A): Starting new process at wheel ref = 3
++++++++++++++++++++++++++++++++++++++++++++++++++++++
Reference Wheel: 3
B_U1: 1.35000000
B_U2: -0.35000000
B_E0: 0.16000000
B_E1: -0.14880000
B_E2: 0.03392000
Sample Rate [ms]: 50
Step Started [ms]: 1000
Run Time [ms]: 3000
Data format: time_stamp_us,wheel_speed_rad_sec,command_volt,command_pwm,pitch_rad,ang_vel_rad_s
-------------------------------------------------------
24,0.00,0.00,0,0.23,0.00
50026,0.00,0.00,0,0.23,0.01
100026,0.00,0.00,0,0.23,0.00
150029,0.00,0.00,0,0.23,-0.03
200029,0.00,0.00,0,0.23,0.00
250030,0.00,0.00,0,0.23,0.00
300030,0.00,0.00,0,0.23,0.01
350030,0.00,0.00,0,0.23,-0.02
400030,0.00,0.00,0,0.23,-0.01
450030,0.00,0.00,0,0.23,-0.00
500030,0.00,0.00,0,0.23,-0.00
550030,0.00,0.00,0,0.23,0.01
600030,0.00,0.00,0,0.23,0.01
650030,0.00,0.00,0,0.23,0.00
700030,0.00,0.00,0,0.23,-0.01
750030,0.00,0.00,0,0.23,0.00
800030,0.00,0.00,0,0.23,-0.01
850030,0.00,0.00,0,0.23,0.00
900030,0.00,0.00,0,0.23,-0.00
950030,0.00,0.00,0,0.23,-0.00
1000030,0.00,0.48,11,0.23,-0.01
1050030,2.44,0.29,6,0.23,-0.02
1100030,3.84,0.11,2,0.23,0.02
1150030,2.18,0.32,7,0.23,0.01
1200033,2.18,0.37,8,0.23,-0.02
1250034,3.40,0.24,5,0.23,0.00
1300034,3.40,0.21,4,0.23,0.02
1350034,2.36,0.35,8,0.23,0.01
1400034,2.79,0.32,7,0.23,-0.02
1450034,3.75,0.18,4,0.23,0.02
1500034,2.79,0.29,6,0.23,0.01
1550034,2.53,0.34,7,0.23,-0.00
1600034,3.05,0.29,6,0.23,0.00
1650034,3.23,0.26,6,0.23,0.01
1700034,3.05,0.27,6,0.23,0.01
1750034,3.05,0.27,6,0.23,0.01
1800037,3.05,0.26,6,0.23,-0.01
1850038,2.97,0.27,6,0.23,-0.00
1900041,2.97,0.28,6,0.23,0.00
1950041,2.88,0.29,6,0.23,0.00
2000042,2.79,0.31,7,0.23,0.01
2050042,2.88,0.32,7,0.23,0.00
2100042,3.23,0.27,6,0.23,0.00
2150042,3.40,0.22,5,0.23,0.00
2200045,2.71,0.31,7,0.23,-0.01
2250046,2.88,0.30,6,0.23,0.01
2300046,3.23,0.25,5,0.23,-0.01
2350046,2.71,0.32,7,0.23,0.01
2400050,2.71,0.34,7,0.23,-0.00
2450053,3.05,0.31,7,0.23,-0.00
2500054,3.05,0.30,7,0.23,0.00
2550054,2.97,0.31,7,0.23,-0.01
2600057,3.14,0.29,6,0.23,0.01
2650058,3.14,0.28,6,0.23,0.00
2700058,2.97,0.30,6,0.23,0.01
2750058,2.71,0.34,7,0.23,-0.00
2800058,3.05,0.30,7,0.23,0.00
2850058,3.40,0.24,5,0.23,0.00
2900058,2.71,0.33,7,0.23,0.00
2950058,2.71,0.35,8,0.23,-0.02
3000058,3.49,0.24,5,0.23,-0.00
3050058,3.40,0.22,5,0.23,0.02
3100058,2.62,0.32,7,0.23,0.00
3150058,2.88,0.31,7,0.23,-0.00
3200058,3.58,0.20,4,0.23,-0.01
3250058,2.88,0.27,6,0.23,0.01
3300058,2.53,0.34,7,0.23,-0.02
3350058,3.14,0.27,6,0.23,-0.01
3400058,3.23,0.25,5,0.23,0.01
3450058,2.71,0.32,7,0.23,-0.01
3500058,2.71,0.34,7,0.23,-0.01
3550058,3.58,0.22,5,0.23,0.00
3600058,3.14,0.25,5,0.23,0.01
3650058,2.53,0.34,7,0.23,0.00
3700058,2.88,0.31,7,0.23,-0.01
3750058,3.40,0.24,5,0.23,0.00
3800058,3.14,0.25,5,0.23,0.02
3850058,2.53,0.34,7,0.23,-0.02
3900058,2.88,0.31,7,0.23,-0.00
3950058,3.40,0.24,5,0.23,0.00
4000058,3.05,0.00,0,0.23,0.00
4050058,1.13,0.00,0,0.23,0.02
4100058,-0.09,0.00,0,0.23,-0.01
4150058,0.00,0.00,0,0.23,-0.00
4200058,0.00,0.00,0,0.23,0.00
4250058,0.00,0.00,0,0.23,-0.00
4300058,0.00,0.00,0,0.23,-0.00
4350058,0.00,0.00,0,0.23,-0.01
4400058,0.00,0.00,0,0.23,-0.01
4450058,0.00,0.00,0,0.23,0.00
4500058,0.00,0.00,0,0.23,-0.02
4550058,0.00,0.00,0,0.23,0.01
4600061,0.00,0.00,0,0.23,0.00
4650062,0.00,0.00,0,0.23,-0.01
4700062,0.00,0.00,0,0.23,-0.00
4750062,0.00,0.00,0,0.23,-0.01
4800062,0.00,0.00,0,0.23,-0.01
4850062,0.00,0.00,0,0.23,0.03
4900062,0.00,0.00,0,0.23,0.00
4950062,0.00,0.00,0,0.23,0.00
++++++++++++++++++++++++++++++++++++++++++++++++++++++
Enter a new Wheel Ref (keep under 7.5s to match sim max current of 15A): Starting new process at wheel ref = 10
++++++++++++++++++++++++++++++++++++++++++++++++++++++
Reference Wheel: 10
B_U1: 1.35000000
B_U2: -0.35000000
B_E0: 0.16000000
B_E1: -0.14880000
B_E2: 0.03392000
Sample Rate [ms]: 50
Step Started [ms]: 1000
Run Time [ms]: 3000
Data format: time_stamp_us,wheel_speed_rad_sec,command_volt,command_pwm,pitch_rad,ang_vel_rad_s
-------------------------------------------------------
24,0.00,0.00,0,0.22,-0.03
50024,0.00,0.00,0,0.22,-0.06
100027,0.00,0.00,0,0.23,0.02
150028,0.00,0.00,0,0.22,0.04
200031,0.00,0.00,0,0.22,0.02
250032,0.00,0.00,0,0.22,0.02
300035,0.00,0.00,0,0.22,0.01
350036,0.00,0.00,0,0.22,-0.03
400040,0.00,0.00,0,0.22,-0.04
450040,0.00,0.00,0,0.22,-0.02
500040,0.00,0.00,0,0.22,0.01
550043,0.00,0.00,0,0.22,0.01
600043,0.00,0.00,0,0.22,0.01
650044,0.00,0.00,0,0.22,-0.01
700044,0.00,0.00,0,0.22,-0.01
750044,0.00,0.00,0,0.22,-0.01
800044,0.00,0.00,0,0.22,-0.01
850044,0.00,0.00,0,0.22,-0.01
900044,0.00,0.00,0,0.22,0.01
950044,0.00,0.00,0,0.22,0.00
1000044,0.00,1.60,37,0.22,0.01
1050044,8.55,0.90,20,0.23,-0.09
1100044,14.31,0.09,2,0.23,0.06
1150044,7.94,0.83,19,0.22,0.05
1200047,6.72,1.16,26,0.22,-0.05
1250048,11.34,0.64,14,0.23,-0.02
1300048,11.17,0.59,13,0.22,0.05
1350051,8.90,0.87,20,0.22,0.02
1400052,9.77,0.80,18,0.22,-0.03
1450052,11.00,0.62,14,0.22,0.01
1500055,9.95,0.72,16,0.22,0.01
1550056,9.34,0.82,19,0.22,-0.01
1600056,10.38,0.70,16,0.22,-0.02
1650056,10.30,0.69,15,0.22,0.01
1700056,9.34,0.82,19,0.22,0.00
1750056,10.12,0.74,17,0.22,0.00
1800056,10.47,0.68,15,0.22,0.02
1850056,9.42,0.81,18,0.22,0.00
1900056,9.69,0.81,18,0.22,-0.02
1950056,10.38,0.72,16,0.23,0.00
2000056,10.12,0.74,17,0.23,0.01
2050056,10.04,0.74,17,0.23,0.00
2100056,10.30,0.70,16,0.22,0.03
2150056,10.04,0.72,16,0.22,0.01
2200056,9.86,0.74,17,0.22,-0.01
2250059,9.86,0.75,17,0.22,0.00
2300060,10.12,0.72,16,0.22,-0.00
2350060,9.95,0.74,17,0.22,0.01
2400060,9.77,0.77,17,0.22,0.00
2450060,10.04,0.75,17,0.22,-0.01
2500060,9.86,0.77,17,0.22,-0.02
2550060,9.77,0.80,18,0.23,-0.00
2600063,10.30,0.73,16,0.22,0.01
2650064,10.21,0.72,16,0.22,0.00
2700067,9.86,0.76,17,0.22,-0.01
2750068,9.86,0.77,17,0.22,-0.02
2800068,10.30,0.71,16,0.23,-0.01
2850068,10.04,0.73,17,0.23,0.01
2900068,9.77,0.77,17,0.23,-0.01
2950068,10.04,0.75,17,0.22,0.01
3000068,10.12,0.73,16,0.22,0.01
3050068,9.86,0.76,17,0.22,0.01
3100068,9.42,0.84,19,0.22,0.00
3150068,10.30,0.74,17,0.23,-0.01
3200068,10.47,0.69,16,0.23,0.01
3250068,10.04,0.73,16,0.23,0.01
3300068,9.69,0.79,18,0.22,0.01
3350068,10.12,0.74,17,0.22,-0.00
3400068,10.47,0.67,15,0.22,0.02
3450068,9.86,0.74,17,0.22,0.00
3500068,9.69,0.77,17,0.22,0.01
3550068,10.04,0.74,17,0.22,0.01
3600068,10.21,0.71,16,0.22,0.01
3650071,9.77,0.77,17,0.22,-0.01
3700072,9.77,0.78,18,0.22,-0.02
3750072,10.04,0.75,17,0.22,-0.00
3800072,9.86,0.78,18,0.22,0.00
3850072,10.30,0.72,16,0.22,0.02
3900072,10.21,0.71,16,0.22,0.01
3950072,9.77,0.77,17,0.22,-0.00
4000072,9.86,0.00,0,0.22,-0.01
4050072,5.93,0.00,0,0.22,0.06
4100072,0.70,0.00,0,0.22,-0.00
4150072,-0.09,0.00,0,0.22,-0.02
4200075,0.00,0.00,0,0.22,-0.02
4250076,0.00,0.00,0,0.22,0.00
4300076,0.00,0.00,0,0.22,0.00
4350076,0.00,0.00,0,0.22,0.01
4400076,0.00,0.00,0,0.22,-0.02
4450076,0.00,0.00,0,0.22,-0.02
4500076,0.00,0.00,0,0.23,-0.03
4550076,0.00,0.00,0,0.23,-0.00
4600076,0.00,0.00,0,0.23,-0.00
4650076,0.00,0.00,0,0.23,-0.02
4700076,0.00,0.00,0,0.23,-0.01
4750076,0.00,0.00,0,0.23,-0.01
4800076,0.00,0.00,0,0.23,-0.00
4850076,0.00,0.00,0,0.23,-0.00
4900076,0.00,0.00,0,0.23,-0.01
4950076,0.00,0.00,0,0.23,-0.01
++++++++++++++++++++++++++++++++++++++++++++++++++++++
Enter a new Wheel Ref (keep under 7.5s to match sim max current of 15A): Starting new process at wheel ref = 40
++++++++++++++++++++++++++++++++++++++++++++++++++++++
Reference Wheel: 40
B_U1: 1.35000000
B_U2: -0.35000000
B_E0: 0.16000000
B_E1: -0.14880000
B_E2: 0.03392000
Sample Rate [ms]: 50
Step Started [ms]: 1000
Run Time [ms]: 3000
Data format: time_stamp_us,wheel_speed_rad_sec,command_volt,command_pwm,pitch_rad,ang_vel_rad_s
-------------------------------------------------------
23,0.00,0.00,0,0.22,-0.05
50023,0.00,0.00,0,0.22,-0.02
100023,0.00,0.00,0,0.22,0.05
150023,0.00,0.00,0,0.21,0.03
200023,0.00,0.00,0,0.21,0.04
250023,0.00,0.00,0,0.21,-0.02
300023,0.00,0.00,0,0.21,-0.01
350026,0.00,0.00,0,0.21,-0.02
400026,0.00,0.00,0,0.21,-0.01
450027,0.00,0.00,0,0.21,-0.01
500027,0.00,0.00,0,0.21,-0.01
550030,0.00,0.00,0,0.21,-0.00
600031,0.00,0.00,0,0.21,-0.00
650031,0.00,0.00,0,0.21,0.01
700031,0.00,0.00,0,0.21,0.00
750031,0.00,0.00,0,0.21,0.02
800031,0.00,0.00,0,0.21,-0.00
850031,0.00,0.00,0,0.21,-0.01
900034,0.00,0.00,0,0.21,0.01
950034,0.00,0.00,0,0.21,0.02
1000035,0.00,6.40,148,0.21,-0.00
1050035,15.10,6.67,154,0.21,-0.17
1100035,43.20,3.91,90,0.22,-0.03
1150035,55.24,1.82,42,0.22,0.11
1200035,47.56,2.04,47,0.21,0.14
1250035,36.39,3.30,76,0.21,0.14
1300038,37.17,3.40,78,0.21,0.02
1350039,43.46,2.59,60,0.21,0.03
1400039,42.76,2.47,57,0.20,-0.01
1450039,39.10,2.87,66,0.20,0.06
1500039,39.27,2.90,67,0.20,-0.07
1550039,40.40,2.76,64,0.21,0.00
1600039,40.23,2.76,64,0.20,0.06
1650039,39.71,2.83,65,0.20,0.07
1700039,40.14,2.78,64,0.20,-0.06
1750042,40.66,2.69,62,0.20,0.07
1800043,40.23,2.71,62,0.20,0.03
1850043,39.88,2.75,63,0.20,0.05
1900043,39.10,2.89,66,0.20,-0.02
1950047,39.88,2.82,65,0.20,-0.07
2000047,40.75,2.69,62,0.20,-0.01
2050047,40.06,2.75,63,0.20,-0.05
2100047,39.62,2.82,65,0.20,0.08
2150047,40.14,2.76,63,0.20,-0.05
2200050,40.49,2.70,62,0.20,0.20
2250051,39.53,2.82,65,0.20,-0.02
2300051,39.97,2.78,64,0.20,-0.05
2350051,40.40,2.71,62,0.20,-0.01
2400051,39.97,2.75,63,0.20,-0.03
2450054,39.53,2.82,65,0.20,0.00
2500055,40.14,2.76,63,0.20,0.04
2550055,39.53,2.85,65,0.20,0.03
2600055,39.97,2.81,65,0.20,0.08
2650055,40.32,2.76,63,0.20,-0.02
2700055,39.97,2.79,64,0.20,-0.02
2750055,40.32,2.74,63,0.20,-0.08
2800058,40.31,2.71,62,0.20,0.08
2850059,39.36,2.85,65,0.20,-0.04
2900059,39.88,2.81,65,0.20,0.01
2950059,40.32,2.74,63,0.20,0.01
3000059,39.79,2.81,65,0.20,0.10
3050059,40.58,2.70,62,0.19,-0.03
3100059,39.88,2.77,64,0.19,0.03
3150059,39.18,2.89,66,0.19,-0.01
3200059,40.06,2.80,64,0.19,0.02
3250059,40.49,2.73,63,0.19,-0.08
3300059,39.79,2.81,65,0.19,0.01
3350059,40.32,2.74,63,0.19,0.04
3400059,40.67,2.66,61,0.19,0.09
3450059,39.18,2.85,66,0.19,0.01
3500059,39.44,2.87,66,0.19,-0.03
3550059,40.84,2.68,62,0.19,0.03
3600059,40.75,2.64,61,0.19,-0.04
3650059,39.36,2.81,65,0.19,0.00
3700059,39.88,2.77,64,0.19,0.03
3750059,40.06,2.75,63,0.19,-0.07
3800059,39.62,2.82,65,0.19,0.00
3850059,39.79,2.81,65,0.19,0.03
3900059,40.23,2.76,63,0.19,0.03
3950059,40.40,2.71,62,0.19,-0.06
4000059,40.23,0.00,0,0.19,0.01
4050059,24.09,0.00,0,0.19,0.08
4100059,5.59,0.00,0,0.19,-0.01
4150059,0.52,0.00,0,0.19,-0.01
4200059,0.00,0.00,0,0.19,0.00
4250059,0.00,0.00,0,0.19,-0.00
4300062,0.00,0.00,0,0.19,0.00
4350063,0.00,0.00,0,0.19,0.00
4400063,0.00,0.00,0,0.19,-0.00
4450063,0.00,0.00,0,0.19,-0.00
4500063,0.00,0.00,0,0.19,0.00
4550063,0.00,0.00,0,0.19,-0.01
4600063,0.00,0.00,0,0.19,0.00
4650063,0.00,0.00,0,0.19,-0.03
4700063,0.00,0.00,0,0.19,-0.05
4750063,0.00,0.00,0,0.19,-0.04
4800063,0.00,0.00,0,0.19,0.07
4850063,0.00,0.00,0,0.19,-0.00
4900063,0.00,0.00,0,0.19,-0.03
4950066,0.00,0.00,0,0.19,0.00
++++++++++++++++++++++++++++++++++++++++++++++++++++++
Enter a new Wheel Ref (keep under 7.5s to match sim max current of 15A): Starting new process at wheel ref = -10
++++++++++++++++++++++++++++++++++++++++++++++++++++++
Reference Wheel: -10
B_U1: 1.35000000
B_U2: -0.35000000
B_E0: 0.16000000
B_E1: -0.14880000
B_E2: 0.03392000
Sample Rate [ms]: 50
Step Started [ms]: 1000
Run Time [ms]: 3000
Data format: time_stamp_us,wheel_speed_rad_sec,command_volt,command_pwm,pitch_rad,ang_vel_rad_s
-------------------------------------------------------
24,0.00,0.00,0,0.20,0.03
50026,0.00,0.00,0,0.20,-0.01
100029,0.00,0.00,0,0.20,0.00
150030,0.00,0.00,0,0.20,0.02
200033,0.00,0.00,0,0.20,-0.02
250034,0.00,0.00,0,0.20,0.01
300034,0.00,0.00,0,0.20,-0.02
350034,0.00,0.00,0,0.20,-0.01
400034,0.00,0.00,0,0.20,0.00
450034,0.00,0.00,0,0.20,0.02
500034,0.00,0.00,0,0.20,-0.00
550038,0.00,0.00,0,0.20,0.01
600041,0.00,0.00,0,0.20,-0.01
650041,0.00,0.00,0,0.20,0.01
700042,0.00,0.00,0,0.20,0.01
750042,0.00,0.00,0,0.20,0.01
800042,0.00,0.00,0,0.20,-0.00
850045,0.00,0.00,0,0.20,0.01
900046,0.00,0.00,0,0.20,0.00
950046,0.00,0.00,0,0.20,0.00
1000046,0.00,-1.60,-37,0.20,0.01
1050046,-7.85,-1.02,-23,0.20,0.07
1100046,-14.75,-0.07,-1,0.20,-0.03
1150046,-8.38,-0.78,-18,0.20,-0.06
1200046,-6.28,-1.22,-28,0.20,0.05
1250046,-12.04,-0.55,-12,0.20,0.02
1300046,-11.61,-0.49,-11,0.20,-0.03
1350046,-7.85,-0.98,-22,0.20,-0.01
1400046,-9.34,-0.88,-20,0.20,0.02
1450046,-11.69,-0.55,-12,0.19,-0.00
1500046,-9.77,-0.75,-17,0.19,-0.01
1550046,-8.99,-0.89,-20,0.19,0.00
1600046,-10.38,-0.73,-16,0.19,0.00
1650046,-10.47,-0.69,-16,0.19,-0.01
1700046,-9.86,-0.76,-17,0.19,0.01
1750046,-9.69,-0.79,-18,0.19,-0.00
1800046,-10.12,-0.75,-17,0.19,0.00
1850046,-10.38,-0.70,-16,0.19,-0.00
1900046,-9.95,-0.74,-17,0.19,0.00
1950046,-9.86,-0.76,-17,0.19,0.01
2000046,-10.04,-0.74,-17,0.19,0.00
2050046,-9.95,-0.75,-17,0.19,0.00
2100046,-10.12,-0.73,-16,0.19,0.00
2150046,-9.60,-0.80,-18,0.19,-0.00
2200046,-9.86,-0.79,-18,0.19,0.00
2250046,-10.38,-0.71,-16,0.19,-0.00
2300046,-10.12,-0.73,-16,0.19,-0.01
2350046,-9.51,-0.82,-18,0.19,-0.00
2400046,-10.04,-0.77,-17,0.19,0.00
2450046,-10.21,-0.74,-17,0.19,-0.01
2500046,-10.12,-0.74,-17,0.19,-0.00
2550046,-10.04,-0.74,-17,0.19,-0.00
2600046,-10.12,-0.73,-16,0.19,-0.00
2650046,-9.77,-0.77,-17,0.19,-0.00
2700046,-9.77,-0.79,-18,0.19,-0.00
2750046,-10.12,-0.75,-17,0.19,-0.01
2800046,-10.30,-0.71,-16,0.19,-0.00
2850046,-9.69,-0.79,-18,0.19,-0.00
2900046,-9.95,-0.77,-17,0.19,0.00
2950046,-10.21,-0.73,-16,0.19,0.00
3000046,-9.86,-0.77,-17,0.19,-0.00
3050046,-9.60,-0.82,-19,0.19,0.00
3100046,-10.47,-0.71,-16,0.19,0.00
3150046,-10.38,-0.69,-16,0.19,-0.01
3200046,-9.60,-0.79,-18,0.19,-0.00
3250046,-10.04,-0.75,-17,0.19,0.00
3300046,-10.21,-0.72,-16,0.19,-0.00
3350046,-9.86,-0.76,-17,0.19,-0.00
3400046,-9.69,-0.80,-18,0.19,-0.00
3450046,-9.86,-0.79,-18,0.19,0.00
3500046,-10.47,-0.70,-16,0.19,0.00
3550046,-10.04,-0.74,-17,0.19,-0.00
3600046,-9.77,-0.78,-18,0.19,0.00
3650046,-10.21,-0.73,-16,0.19,-0.00
3700046,-10.04,-0.74,-17,0.19,-0.00
3750046,-9.86,-0.76,-17,0.19,-0.00
3800046,-9.95,-0.76,-17,0.19,-0.00
3850046,-9.95,-0.76,-17,0.19,-0.00
3900046,-10.04,-0.75,-17,0.19,0.00
3950046,-10.04,-0.75,-17,0.19,-0.00
4000046,-9.86,0.00,0,0.19,-0.00
4050046,-5.50,0.00,0,0.19,0.00
4100046,-0.61,0.00,0,0.19,0.00
4150046,0.00,0.00,0,0.19,0.00
4200046,0.00,0.00,0,0.19,0.00
4250046,0.00,0.00,0,0.19,0.00
4300046,0.00,0.00,0,0.19,0.00
4350046,0.00,0.00,0,0.19,-0.00
4400046,0.00,0.00,0,0.19,-0.00
4450046,0.00,0.00,0,0.19,0.00
4500046,0.00,0.00,0,0.19,-0.00
4550046,0.00,0.00,0,0.19,-0.00
4600046,0.00,0.00,0,0.19,-0.01
4650046,0.00,0.00,0,0.19,-0.00
4700046,0.00,0.00,0,0.19,-0.01
4750046,0.00,0.00,0,0.19,0.02
4800046,0.00,0.00,0,0.19,-0.01
4850046,0.00,0.00,0,0.19,0.02
4900046,0.00,0.00,0,0.19,-0.03
4950046,0.00,0.00,0,0.19,0.00
++++++++++++++++++++++++++++++++++++++++++++++++++++++
Enter a new Wheel Ref (keep under 7.5s to match sim max current of 15A): Starting new process at wheel ref = -50
++++++++++++++++++++++++++++++++++++++++++++++++++++++
Reference Wheel: -50
B_U1: 1.35000000
B_U2: -0.35000000
B_E0: 0.16000000
B_E1: -0.14880000
B_E2: 0.03392000
Sample Rate [ms]: 50
Step Started [ms]: 1000
Run Time [ms]: 3000
Data format: time_stamp_us,wheel_speed_rad_sec,command_volt,command_pwm,pitch_rad,ang_vel_rad_s
-------------------------------------------------------
23,0.00,0.00,0,0.18,0.01
50025,0.00,0.00,0,0.18,0.04
100028,0.00,0.00,0,0.18,-0.01
150028,0.00,0.00,0,0.18,-0.01
200028,0.00,0.00,0,0.18,0.00
250029,0.00,0.00,0,0.18,-0.00
300029,0.00,0.00,0,0.18,-0.00
350029,0.00,0.00,0,0.18,-0.00
400029,0.00,0.00,0,0.18,0.01
450029,0.00,0.00,0,0.18,-0.00
500029,0.00,0.00,0,0.18,0.00
550032,0.00,0.00,0,0.18,0.00
600033,0.00,0.00,0,0.18,0.00
650036,0.00,0.00,0,0.18,-0.00
700036,0.00,0.00,0,0.18,-0.00
750036,0.00,0.00,0,0.18,0.00
800037,0.00,0.00,0,0.18,-0.00
850040,0.00,0.00,0,0.18,-0.00
900041,0.00,0.00,0,0.18,0.00
950041,0.00,0.00,0,0.18,0.00
1000041,0.00,-8.00,-185,0.18,0.00
1050041,-13.53,-9.20,-213,0.18,0.03
1100041,-41.10,-7.31,-169,0.18,0.01
1150041,-63.79,-4.35,-100,0.18,-0.01
1200041,-71.65,-2.21,-51,0.18,-0.15
1250041,-60.39,-2.55,-59,0.18,-0.05
1300041,-47.47,-3.88,-90,0.18,0.04
1350041,-46.60,-4.17,-96,0.18,0.03
1400041,-52.97,-3.37,-78,0.18,-0.04
1450041,-53.67,-3.06,-70,0.18,0.01
1500041,-50.27,-3.36,-77,0.18,0.01
1550041,-47.73,-3.74,-86,0.18,-0.00
1600045,-49.30,-3.64,-84,0.18,-0.01
1650045,-51.14,-3.39,-78,0.18,-0.07
1700045,-51.31,-3.29,-76,0.18,-0.01
1750045,-49.39,-3.51,-81,0.18,-0.02
1800045,-49.48,-3.53,-81,0.18,-0.02
1850045,-50.18,-3.46,-80,0.18,-0.05
1900045,-50.18,-3.44,-79,0.18,-0.09
1950045,-49.83,-3.49,-80,0.18,-0.01
2000045,-49.74,-3.51,-81,0.19,0.01
2050045,-49.83,-3.52,-81,0.18,-0.02
2100045,-50.35,-3.44,-79,0.18,-0.06
2150045,-49.83,-3.51,-81,0.19,-0.06
2200045,-50.09,-3.47,-80,0.19,-0.05
2250045,-50.09,-3.47,-80,0.18,0.03
2300045,-49.92,-3.49,-80,0.18,0.08
2350045,-49.92,-3.50,-81,0.18,0.02
2400045,-50.00,-3.49,-80,0.18,0.07
2450045,-50.09,-3.47,-80,0.18,0.02
2500045,-49.92,-3.50,-81,0.18,0.04
2550045,-50.09,-3.47,-80,0.18,-0.03
2600045,-50.00,-3.48,-80,0.18,0.03
2650045,-49.48,-3.56,-82,0.18,-0.06
2700045,-49.92,-3.53,-81,0.18,-0.02
2750045,-50.70,-3.41,-79,0.18,-0.03
2800045,-50.09,-3.46,-80,0.18,-0.05
2850045,-49.83,-3.50,-81,0.18,0.12
2900045,-50.27,-3.44,-79,0.18,-0.05
2950045,-50.09,-3.45,-79,0.18,-0.01
3000045,-49.57,-3.52,-81,0.18,0.03
3050045,-49.74,-3.53,-81,0.18,-0.03
3100045,-50.27,-3.46,-80,0.18,-0.00
3150045,-50.35,-3.43,-79,0.18,-0.02
3200045,-49.65,-3.52,-81,0.18,0.02
3250045,-49.65,-3.54,-82,0.18,0.06
3300045,-49.92,-3.52,-81,0.18,-0.00
3350045,-49.74,-3.55,-82,0.18,0.02
3400045,-49.92,-3.54,-82,0.18,0.09
3450045,-50.18,-3.51,-81,0.18,0.03
3500045,-50.44,-3.45,-80,0.18,0.00
3550045,-50.00,-3.50,-81,0.18,-0.02
3600045,-50.09,-3.48,-80,0.18,-0.01
3650045,-50.18,-3.46,-80,0.18,0.04
3700045,-50.18,-3.45,-79,0.18,0.05
3750045,-50.00,-3.46,-80,0.17,-0.01
3800045,-49.74,-3.50,-81,0.17,0.01
3850045,-50.00,-3.48,-80,0.17,0.03
3900045,-50.18,-3.45,-80,0.17,0.02
3950045,-50.00,-3.47,-80,0.17,-0.06
4000045,-50.18,0.00,0,0.17,-0.06
4050045,-31.68,0.00,0,0.18,-0.29
4100045,-8.12,0.00,0,0.18,0.04
4150045,-1.57,0.00,0,0.18,0.03
4200045,0.09,0.00,0,0.18,0.01
4250045,0.00,0.00,0,0.18,0.00
4300045,0.00,0.00,0,0.18,-0.01
4350045,0.00,0.00,0,0.18,0.00
4400045,0.00,0.00,0,0.18,0.00
4450045,0.00,0.00,0,0.18,-0.00
4500045,0.00,0.00,0,0.18,0.00
4550045,0.00,0.00,0,0.18,-0.00
4600045,0.00,0.00,0,0.18,-0.00
4650045,0.00,0.00,0,0.18,-0.00
4700045,0.00,0.00,0,0.18,-0.01
4750045,0.00,0.00,0,0.19,-0.03
4800045,0.00,0.00,0,0.19,-0.00
4850045,0.00,0.00,0,0.19,0.02
4900045,0.00,0.00,0,0.19,0.03
4950045,0.00,0.00,0,0.18,-0.03
++++++++++++++++++++++++++++++++++++++++++++++++++++++
Enter a new Wheel Ref (keep under 7.5s to match sim max current of 15A): Starting new process at wheel ref = 90
++++++++++++++++++++++++++++++++++++++++++++++++++++++
Reference Wheel: 90
B_U1: 1.35000000
B_U2: -0.35000000
B_E0: 0.16000000
B_E1: -0.14880000
B_E2: 0.03392000
Sample Rate [ms]: 50
Step Started [ms]: 1000
Run Time [ms]: 3000
Data format: time_stamp_us,wheel_speed_rad_sec,command_volt,command_pwm,pitch_rad,ang_vel_rad_s
-------------------------------------------------------
24,0.00,0.00,0,0.18,-0.03
50027,0.00,0.00,0,0.18,-0.02
100030,0.00,0.00,0,0.18,-0.01
150031,0.00,0.00,0,0.18,-0.01
200034,0.00,0.00,0,0.18,-0.01
250035,0.00,0.00,0,0.18,0.01
300035,0.00,0.00,0,0.18,0.00
350038,0.00,0.00,0,0.18,-0.01
400039,0.00,0.00,0,0.18,-0.01
450039,0.00,0.00,0,0.18,0.01
500039,0.00,0.00,0,0.18,0.02
550039,0.00,0.00,0,0.18,-0.00
600039,0.00,0.00,0,0.18,0.01
650039,0.00,0.00,0,0.18,0.01
700039,0.00,0.00,0,0.18,0.01
750039,0.00,0.00,0,0.18,0.01
800039,0.00,0.00,0,0.18,-0.01
850039,0.00,0.00,0,0.18,-0.01
900042,0.00,0.00,0,0.18,-0.00
950043,0.00,0.00,0,0.18,-0.00
1000043,0.00,14.40,255,0.18,0.00
1050043,14.40,18.14,255,0.19,-0.17
1100043,40.14,19.24,255,0.19,-0.03
1150043,58.64,19.78,255,0.19,0.17
1200043,73.83,19.58,255,0.19,0.27
1250043,89.62,18.23,255,0.18,-0.08
1300043,104.28,15.97,255,0.18,0.29
1350043,116.24,13.11,255,0.17,0.28
1400043,123.22,10.22,236,0.18,0.12
1450046,126.88,7.36,170,0.17,0.24
1500047,124.96,5.12,118,0.17,-0.02
1550047,111.96,4.78,110,0.18,-0.01
1600047,94.68,5.99,138,0.18,-0.05
1650047,87.09,6.83,158,0.18,-0.08
1700047,88.23,6.82,158,0.19,-0.13
1750047,91.28,6.45,149,0.19,0.08
1800047,92.68,6.14,142,0.19,-0.03
1850047,91.72,6.11,141,0.19,-0.16
1900047,89.54,6.34,146,0.19,0.03
1950047,88.75,6.49,150,0.19,-0.08
2000047,89.54,6.45,149,0.19,0.03
2050047,90.15,6.38,147,0.19,-0.06
2100047,90.23,6.36,147,0.19,-0.02
2150047,90.58,6.29,145,0.19,0.13
2200047,91.63,6.08,141,0.18,-0.09
2250047,90.58,6.14,142,0.18,0.05
2300047,89.01,6.35,147,0.18,0.18
2350047,89.71,6.30,146,0.18,-0.15
2400047,90.06,6.27,145,0.18,0.02
2450047,90.15,6.25,144,0.18,-0.03
2500047,90.50,6.18,143,0.18,0.08
2550047,89.71,6.28,145,0.18,-0.06
2600047,89.45,6.34,146,0.18,-0.01
2650047,89.36,6.39,148,0.18,0.13
2700047,90.76,6.21,143,0.17,0.04
2750047,90.15,6.26,145,0.17,-0.24
2800047,89.27,6.39,148,0.18,0.13
2850050,89.62,6.38,147,0.18,0.11
2900051,89.45,6.43,149,0.18,-0.01
2950051,89.54,6.46,149,0.18,0.06
3000051,89.97,6.42,148,0.18,0.21
3050051,90.93,6.27,145,0.18,0.07
3100051,91.11,6.18,143,0.18,-0.06
3150051,90.58,6.19,143,0.18,0.24
3200054,91.19,6.05,140,0.17,0.09
3250055,90.06,6.15,142,0.17,-0.18
3300055,88.84,6.34,146,0.17,-0.03
3350055,88.84,6.41,148,0.17,0.14
3400055,89.45,6.40,148,0.17,-0.06
3450058,90.58,6.25,144,0.17,-0.14
3500059,89.80,6.34,147,0.17,0.07
3550059,90.41,6.26,145,0.17,0.07
3600059,91.28,6.09,141,0.17,0.00
3650059,90.06,6.20,143,0.17,0.01
3700059,88.92,6.38,147,0.17,0.11
3750059,88.58,6.50,150,0.17,-0.19
3800059,89.80,6.40,148,0.17,-0.33
3850059,90.58,6.29,145,0.17,-0.02
3900059,90.58,6.26,145,0.18,-0.01
3950059,90.67,6.20,143,0.18,-0.04
4000059,90.67,0.00,0,0.17,0.06
4050059,62.31,0.00,0,0.17,0.28
4100059,18.33,0.00,0,0.17,-0.05
4150059,4.19,0.00,0,0.17,-0.03
4200062,0.35,0.00,0,0.17,-0.02
4250063,0.00,0.00,0,0.17,0.01
4300063,0.00,0.00,0,0.17,-0.01
4350063,0.00,0.00,0,0.18,0.01
4400063,0.00,0.00,0,0.18,-0.01
4450063,0.00,0.00,0,0.18,-0.01
4500063,0.00,0.00,0,0.18,-0.00
4550063,0.00,0.00,0,0.18,0.00
4600063,0.00,0.00,0,0.18,0.01
4650063,0.00,0.00,0,0.18,0.00
4700066,0.00,0.00,0,0.18,-0.01
4750067,0.00,0.00,0,0.18,0.01
4800067,0.00,0.00,0,0.18,0.01
4850067,0.00,0.00,0,0.18,-0.00
4900070,0.00,0.00,0,0.18,0.02
4950071,0.00,0.00,0,0.18,0.04
++++++++++++++++++++++++++++++++++++++++++++++++++++++
Enter a new Wheel Ref (keep under 7.5s to match sim max current of 15A): 