Serial initialized!
Starting new process at wheel ref = 0
++++++++++++++++++++++++++++++++++++++++++++++++++++++
Reference Wheel: 0
B_U1: 1
B_E0: 0.09
B_E1: -0.02
Sample Rate [ms]: 50
Step Time [ms]: 1000
Run Time [ms]: 3000
Data format: time_stamp_us,wheel_speed_rad_sec,command_volt,command_pwm,pitch_rad,ang_vel_rad_s
-------------------------------------------------------
24,0.00,0.00,0,0.19,-0.00
50025,0.00,0.00,0,0.19,0.02
100027,0.00,0.00,0,0.19,-0.01
150028,0.00,0.00,0,0.19,0.02
200030,0.00,0.00,0,0.19,-0.01
250033,0.00,0.00,0,0.19,0.01
300036,0.00,0.00,0,0.19,-0.02
350036,0.00,0.00,0,0.19,-0.00
400039,0.00,0.00,0,0.19,-0.01
450042,0.00,0.00,0,0.19,-0.00
500045,0.00,0.00,0,0.19,0.00
550046,0.00,0.00,0,0.19,-0.00
600049,0.00,0.00,0,0.19,0.00
650051,0.00,0.00,0,0.19,0.01
700052,0.00,0.00,0,0.19,0.02
750055,0.00,0.00,0,0.19,-0.01
800055,0.00,0.00,0,0.19,0.02
850055,0.00,0.00,0,0.19,-0.00
900058,0.00,0.00,0,0.19,-0.00
950058,0.00,0.00,0,0.19,0.01
1000060,0.00,0.00,0,0.19,-0.01
1050062,0.00,0.00,0,0.19,0.01
1100062,0.00,0.00,0,0.19,-0.01
1150064,0.00,0.00,0,0.19,0.01
1200066,0.00,0.00,0,0.19,-0.00
1250069,0.00,0.00,0,0.19,0.01
1300072,0.00,0.00,0,0.19,-0.00
1350075,0.00,0.00,0,0.19,0.00
1400075,0.00,0.00,0,0.19,-0.00
1450076,0.00,0.00,0,0.19,0.01
1500078,0.00,0.00,0,0.19,0.00
1550078,0.00,0.00,0,0.19,0.00
1600081,0.00,0.00,0,0.19,0.00
1650081,0.00,0.00,0,0.19,0.00
1700081,0.00,0.00,0,0.19,-0.01
1750083,0.00,0.00,0,0.19,-0.00
1800083,0.00,0.00,0,0.19,-0.00
1850084,0.00,0.00,0,0.19,0.00
1900087,0.00,0.00,0,0.19,-0.00
1950089,0.00,0.00,0,0.19,0.00
2000090,0.00,0.00,0,0.19,-0.00
2050092,0.00,0.00,0,0.19,-0.00
2100093,0.00,0.00,0,0.19,0.00
2150094,0.00,0.00,0,0.19,-0.00
2200096,0.00,0.00,0,0.19,-0.01
2250096,0.00,0.00,0,0.19,-0.00
2300099,0.00,0.00,0,0.19,0.00
2350101,0.00,0.00,0,0.19,-0.01
2400105,0.00,0.00,0,0.19,-0.00
2450105,0.00,0.00,0,0.19,0.00
2500105,0.00,0.00,0,0.19,0.00
2550108,0.00,0.00,0,0.19,-0.00
2600110,0.00,0.00,0,0.19,0.00
2650113,0.00,0.00,0,0.19,-0.01
2700117,0.00,0.00,0,0.19,0.01
2750119,0.00,0.00,0,0.19,-0.00
2800120,0.00,0.00,0,0.19,0.02
2850120,0.00,0.00,0,0.19,0.02
2900121,0.00,0.00,0,0.18,0.02
2950124,0.00,0.00,0,0.18,0.01
3000125,0.00,0.00,0,0.18,0.01
3050127,0.00,0.00,0,0.18,0.01
3100128,0.00,0.00,0,0.18,0.01
3150131,0.00,0.00,0,0.18,0.01
3200134,0.00,0.00,0,0.18,-0.00
3250136,0.00,0.00,0,0.18,0.01
3300140,0.00,0.00,0,0.18,0.00
3350143,0.00,0.00,0,0.18,0.01
3400143,0.00,0.00,0,0.18,0.00
3450143,0.00,0.00,0,0.18,-0.00
3500144,0.00,0.00,0,0.18,0.01
3550146,0.00,0.00,0,0.18,-0.00
3600147,0.00,0.00,0,0.18,0.01
3650149,0.00,0.00,0,0.18,-0.01
3700150,0.00,0.00,0,0.18,-0.00
3750153,0.00,0.00,0,0.18,-0.00
3800154,0.00,0.00,0,0.18,0.00
3850158,0.00,0.00,0,0.18,-0.01
3900159,0.00,0.00,0,0.18,0.00
3950161,0.00,0.00,0,0.18,-0.00
4000161,0.00,0.00,0,0.18,-0.00
4050162,0.00,0.00,0,0.18,0.01
4100162,0.00,0.00,0,0.18,-0.01
4150164,0.00,0.00,0,0.18,0.00
4200166,0.00,0.00,0,0.18,-0.00
4250168,0.00,0.00,0,0.18,0.00
4300171,0.00,0.00,0,0.18,-0.00
4350174,0.00,0.00,0,0.18,0.00
4400176,0.00,0.00,0,0.18,0.00
4450180,0.00,0.00,0,0.18,0.00
4500183,0.00,0.00,0,0.18,0.00
4550186,0.00,0.00,0,0.18,0.00
4600186,0.00,0.00,0,0.18,0.00
4650188,0.00,0.00,0,0.18,0.00
4700191,0.00,0.00,0,0.18,-0.00
4750191,0.00,0.00,0,0.18,0.00
4800192,0.00,0.00,0,0.18,0.00
4850192,0.00,0.00,0,0.18,-0.01
4900194,0.00,0.00,0,0.18,0.00
4950194,0.00,0.00,0,0.18,-0.00
++++++++++++++++++++++++++++++++++++++++++++++++++++++
Enter a new Wheel Ref: Starting new process at wheel ref = 10
++++++++++++++++++++++++++++++++++++++++++++++++++++++
Reference Wheel: 10
B_U1: 1
B_E0: 0.09
B_E1: -0.02
Sample Rate [ms]: 50
Step Time [ms]: 1000
Run Time [ms]: 3000
Data format: time_stamp_us,wheel_speed_rad_sec,command_volt,command_pwm,pitch_rad,ang_vel_rad_s
-------------------------------------------------------
24,0.00,0.00,0,0.18,0.00
50024,0.00,0.00,0,0.18,-0.01
100025,0.00,0.00,0,0.18,0.02
150025,0.00,0.00,0,0.18,-0.01
200025,0.00,0.00,0,0.18,0.01
250028,0.00,0.00,0,0.18,0.00
300030,0.00,0.00,0,0.18,0.00
350033,0.00,0.00,0,0.18,-0.00
400034,0.00,0.00,0,0.18,0.00
450036,0.00,0.00,0,0.18,0.00
500036,0.00,0.00,0,0.18,-0.00
550037,0.00,0.00,0,0.18,0.01
600040,0.00,0.00,0,0.18,-0.01
650040,0.00,0.00,0,0.18,0.00
700040,0.00,0.00,0,0.18,-0.00
750044,0.00,0.00,0,0.18,0.00
800048,0.00,0.00,0,0.18,-0.00
850049,0.00,0.00,0,0.18,-0.00
900049,0.00,0.00,0,0.18,0.00
950051,0.00,0.00,0,0.18,-0.01
1000051,0.00,0.91,23,0.18,0.00
1050051,4.71,1.21,31,0.18,0.05
1100051,12.74,0.86,22,0.18,-0.02
1150051,14.75,0.48,12,0.18,-0.03
1200051,11.26,0.45,11,0.18,-0.02
1250054,7.42,0.71,18,0.18,0.01
1300055,7.85,0.86,22,0.18,0.00
1350057,10.65,0.76,19,0.18,-0.00
1400058,11.52,0.63,16,0.18,-0.01
1450058,10.56,0.61,15,0.18,0.00
1500062,9.51,0.67,17,0.18,0.00
1550066,9.34,0.72,18,0.18,0.00
1600067,10.04,0.70,18,0.18,0.00
1650071,10.47,0.66,17,0.18,-0.00
1700074,10.30,0.64,16,0.18,0.00
1750074,9.95,0.65,17,0.18,-0.01
1800075,9.60,0.69,17,0.18,0.00
1850075,9.60,0.72,18,0.18,-0.01
1900075,10.12,0.70,18,0.18,0.01
1950078,10.12,0.69,17,0.18,-0.02
2000078,10.04,0.69,17,0.18,0.00
2050080,9.95,0.69,18,0.18,-0.00
2100084,9.95,0.70,18,0.18,-0.00
2150085,10.30,0.67,17,0.18,0.01
2200085,10.30,0.65,16,0.18,-0.00
2250087,9.86,0.67,17,0.18,0.00
2300087,9.77,0.68,17,0.18,0.01
2350090,9.95,0.68,17,0.18,0.00
2400092,9.95,0.69,17,0.18,-0.01
2450094,9.86,0.70,18,0.18,-0.00
2500094,9.86,0.71,18,0.18,-0.00
2550098,10.03,0.70,18,0.18,0.01
2600100,10.47,0.66,17,0.18,-0.00
2650103,10.04,0.67,17,0.18,-0.01
2700105,9.77,0.69,17,0.18,0.01
2750105,9.95,0.69,17,0.18,-0.01
2800108,9.95,0.69,18,0.18,-0.00
2850108,10.21,0.67,17,0.18,0.00
2900111,10.21,0.66,17,0.18,-0.01
2950114,10.04,0.66,17,0.18,0.00
3000114,10.04,0.66,17,0.18,0.00
3050114,9.86,0.67,17,0.18,-0.01
3100115,9.69,0.69,18,0.18,0.00
3150118,10.12,0.68,17,0.18,0.00
3200122,9.95,0.68,17,0.18,-0.01
3250122,9.69,0.71,18,0.18,0.01
3300124,10.04,0.70,18,0.18,0.01
3350126,10.21,0.69,17,0.18,-0.01
3400129,10.12,0.68,17,0.18,0.01
3450130,10.04,0.68,17,0.18,0.00
3500134,9.95,0.68,17,0.18,-0.00
3550134,9.95,0.69,17,0.18,0.01
3600136,10.04,0.68,17,0.18,-0.01
3650139,9.86,0.70,18,0.18,0.00
3700140,10.12,0.68,17,0.18,0.00
3750141,9.95,0.69,17,0.18,-0.01
3800144,9.60,0.72,18,0.18,0.00
3850147,10.12,0.71,18,0.18,0.00
3900147,10.12,0.70,18,0.18,-0.02
3950148,10.30,0.67,17,0.18,0.00
4000149,10.21,0.00,0,0.18,-0.00
4050149,6.11,0.00,0,0.18,-0.05
4100152,0.79,0.00,0,0.18,0.02
4150153,-0.09,0.00,0,0.18,0.03
4200153,0.00,0.00,0,0.18,-0.02
4250156,0.00,0.00,0,0.18,0.02
4300156,0.00,0.00,0,0.18,-0.01
4350156,0.00,0.00,0,0.18,-0.00
4400159,0.00,0.00,0,0.18,0.01
4450161,0.00,0.00,0,0.18,-0.01
4500161,0.00,0.00,0,0.18,0.00
4550162,0.00,0.00,0,0.18,0.00
4600165,0.00,0.00,0,0.18,0.00
4650165,0.00,0.00,0,0.18,0.00
4700168,0.00,0.00,0,0.18,0.02
4750168,0.00,0.00,0,0.18,-0.00
4800170,0.00,0.00,0,0.18,-0.01
4850171,0.00,0.00,0,0.18,0.00
4900173,0.00,0.00,0,0.18,-0.00
4950174,0.00,0.00,0,0.18,0.01
++++++++++++++++++++++++++++++++++++++++++++++++++++++
Enter a new Wheel Ref: Starting new process at wheel ref = 20
++++++++++++++++++++++++++++++++++++++++++++++++++++++
Reference Wheel: 20
B_U1: 1
B_E0: 0.09
B_E1: -0.02
Sample Rate [ms]: 50
Step Time [ms]: 1000
Run Time [ms]: 3000
Data format: time_stamp_us,wheel_speed_rad_sec,command_volt,command_pwm,pitch_rad,ang_vel_rad_s
-------------------------------------------------------
24,0.00,0.00,0,0.18,0.01
50024,0.00,0.00,0,0.18,0.03
100024,0.00,0.00,0,0.18,-0.01
150025,0.00,0.00,0,0.18,-0.00
200028,0.00,0.00,0,0.18,0.00
250028,0.00,0.00,0,0.18,-0.01
300031,0.00,0.00,0,0.18,-0.00
350034,0.00,0.00,0,0.18,-0.01
400034,0.00,0.00,0,0.18,-0.01
450037,0.00,0.00,0,0.18,-0.02
500040,0.00,0.00,0,0.18,-0.02
550042,0.00,0.00,0,0.18,-0.01
600045,0.00,0.00,0,0.18,-0.01
650045,0.00,0.00,0,0.18,0.00
700048,0.00,0.00,0,0.18,-0.02
750048,0.00,0.00,0,0.18,0.01
800051,0.00,0.00,0,0.18,0.01
850052,0.00,0.00,0,0.18,-0.01
900054,0.00,0.00,0,0.18,0.02
950054,0.00,0.00,0,0.18,-0.01
1000055,0.00,1.82,47,0.18,0.00
1050058,9.69,2.39,62,0.18,0.14
1100061,24.69,1.78,46,0.18,0.10
1150064,29.76,0.98,25,0.18,-0.22
1200067,24.35,0.76,19,0.19,-0.04
1250067,16.84,1.12,29,0.18,0.00
1300069,15.01,1.52,39,0.19,-0.01
1350070,18.76,1.54,40,0.19,0.09
1400070,22.51,1.29,33,0.18,-0.02
1450074,22.25,1.13,29,0.18,-0.01
1500076,19.90,1.18,30,0.18,-0.01
1550076,18.41,1.33,34,0.18,0.01
1600076,19.20,1.37,35,0.18,0.03
1650080,20.42,1.32,34,0.18,0.02
1700082,21.12,1.22,31,0.18,0.01
1750083,20.16,1.23,32,0.18,0.01
1800084,19.55,1.27,33,0.18,0.00
1850085,19.55,1.31,34,0.18,-0.01
1900085,20.07,1.29,33,0.18,0.01
1950085,20.25,1.27,33,0.18,-0.02
2000087,20.25,1.25,32,0.18,0.02
2050090,19.98,1.26,32,0.18,-0.00
2100090,19.63,1.29,33,0.18,0.01
2150093,19.55,1.33,34,0.18,-0.02
2200094,20.07,1.31,34,0.18,0.00
2250094,20.51,1.27,33,0.18,-0.01
2300096,20.51,1.23,32,0.18,0.00
2350099,20.07,1.23,32,0.18,0.00
2400102,19.72,1.26,32,0.18,-0.01
2450105,19.28,1.32,34,0.18,-0.00
2500108,19.90,1.32,34,0.18,-0.00
2550109,20.33,1.28,33,0.18,-0.01
2600110,20.33,1.26,32,0.18,0.02
2650113,19.98,1.27,33,0.18,0.02
2700114,19.98,1.27,33,0.18,0.01
2750114,19.81,1.28,33,0.18,0.00
2800117,20.07,1.27,33,0.18,-0.01
2850118,19.90,1.29,33,0.18,-0.00
2900119,20.07,1.28,33,0.18,-0.00
2950122,20.16,1.26,32,0.18,0.01
3000125,19.98,1.27,33,0.18,0.01
3050128,19.72,1.29,33,0.18,-0.00
3100129,19.81,1.31,34,0.18,0.00
3150132,20.16,1.29,33,0.18,-0.00
3200135,20.16,1.28,33,0.18,-0.02
3250135,20.25,1.26,32,0.18,0.01
3300135,20.07,1.26,32,0.18,0.02
3350135,19.63,1.29,33,0.18,0.00
3400135,19.55,1.32,34,0.18,-0.02
3450138,20.16,1.30,33,0.18,-0.01
3500140,20.33,1.27,33,0.18,-0.01
3550141,20.25,1.26,32,0.18,0.02
3600144,19.90,1.27,33,0.18,-0.01
3650147,19.81,1.29,33,0.18,-0.01
3700149,19.90,1.29,33,0.18,0.01
3750152,19.98,1.29,33,0.18,-0.02
3800155,19.90,1.30,33,0.18,-0.00
3850155,20.07,1.29,33,0.18,-0.01
3900156,20.16,1.28,33,0.18,0.01
3950158,20.16,1.27,33,0.18,0.00
4000162,19.98,0.00,0,0.18,-0.03
4050164,12.30,0.00,0,0.19,-0.11
4100164,3.05,0.00,0,0.19,0.06
4150165,0.17,0.00,0,0.18,0.02
4200168,0.00,0.00,0,0.18,0.00
4250171,0.00,0.00,0,0.18,-0.01
4300174,0.00,0.00,0,0.18,-0.00
4350174,0.00,0.00,0,0.18,0.03
4400176,0.00,0.00,0,0.18,-0.01
4450176,0.00,0.00,0,0.19,-0.03
4500179,0.00,0.00,0,0.18,0.02
4550180,0.00,0.00,0,0.18,0.00
4600183,0.00,0.00,0,0.18,0.01
4650183,0.00,0.00,0,0.18,0.00
4700185,0.00,0.00,0,0.18,-0.01
4750186,0.00,0.00,0,0.19,-0.01
4800188,0.00,0.00,0,0.19,0.02
4850188,0.00,0.00,0,0.18,0.00
4900188,0.00,0.00,0,0.19,-0.02
4950189,0.00,0.00,0,0.19,0.00
++++++++++++++++++++++++++++++++++++++++++++++++++++++
Enter a new Wheel Ref: Starting new process at wheel ref = -20
++++++++++++++++++++++++++++++++++++++++++++++++++++++
Reference Wheel: -20
B_U1: 1
B_E0: 0.09
B_E1: -0.02
Sample Rate [ms]: 50
Step Time [ms]: 1000
Run Time [ms]: 3000
Data format: time_stamp_us,wheel_speed_rad_sec,command_volt,command_pwm,pitch_rad,ang_vel_rad_s
-------------------------------------------------------
24,0.00,0.00,0,0.19,0.02
50026,0.00,0.00,0,0.19,0.05
100028,0.00,0.00,0,0.19,0.04
150028,0.00,0.00,0,0.18,0.01
200028,0.00,0.00,0,0.18,-0.01
250028,0.00,0.00,0,0.19,-0.01
300029,0.00,0.00,0,0.18,0.02
350032,0.00,0.00,0,0.18,0.01
400035,0.00,0.00,0,0.18,-0.01
450037,0.00,0.00,0,0.18,0.01
500040,0.00,0.00,0,0.18,0.02
550040,0.00,0.00,0,0.18,0.01
600042,0.00,0.00,0,0.18,-0.03
650042,0.00,0.00,0,0.18,-0.04
700046,0.00,0.00,0,0.19,0.01
750049,0.00,0.00,0,0.18,0.03
800049,0.00,0.00,0,0.18,0.01
850050,0.00,0.00,0,0.18,0.02
900053,0.00,0.00,0,0.18,0.01
950056,0.00,0.00,0,0.18,0.01
1000056,0.00,-1.82,-47,0.18,-0.01
1050056,-9.51,-2.41,-62,0.18,-0.16
1100059,-24.52,-1.81,-47,0.19,-0.14
1150061,-30.28,-0.95,-24,0.19,0.15
1200064,-25.22,-0.67,-17,0.18,0.19
1250064,-16.76,-1.06,-27,0.17,0.05
1300064,-14.22,-1.52,-39,0.18,-0.14
1350064,-18.24,-1.58,-41,0.18,-0.11
1400064,-22.25,-1.34,-34,0.18,0.13
1450067,-22.86,-1.12,-29,0.18,0.09
1500069,-20.94,-1.09,-28,0.17,0.04
1550073,-18.85,-1.21,-31,0.17,-0.04
1600076,-18.67,-1.31,-34,0.18,-0.04
1650079,-19.37,-1.34,-35,0.18,0.02
1700082,-20.42,-1.29,-33,0.17,0.04
1750085,-20.86,-1.22,-31,0.17,0.01
1800085,-20.25,-1.22,-31,0.17,0.01
1850085,-19.81,-1.24,-32,0.17,-0.01
1900085,-19.63,-1.27,-33,0.17,0.01
1950088,-19.98,-1.26,-32,0.17,0.01
2000090,-19.81,-1.28,-33,0.17,0.00
2050094,-19.81,-1.29,-33,0.17,0.03
2100095,-20.42,-1.25,-32,0.17,0.01
2150098,-20.42,-1.22,-31,0.17,-0.00
2200098,-19.90,-1.24,-32,0.17,-0.02
2250101,-19.63,-1.27,-33,0.17,-0.01
2300102,-19.90,-1.27,-33,0.17,0.02
2350105,-19.81,-1.29,-33,0.17,0.00
2400109,-20.33,-1.25,-32,0.17,0.02
2450109,-20.42,-1.22,-31,0.17,-0.04
2500112,-19.90,-1.24,-32,0.18,-0.02
2550113,-19.63,-1.27,-33,0.18,0.01
2600113,-19.90,-1.27,-33,0.18,0.01
2650115,-19.98,-1.27,-33,0.18,0.02
2700118,-20.24,-1.25,-32,0.17,0.01
2750121,-20.24,-1.23,-32,0.17,0.02
2800121,-20.25,-1.21,-31,0.17,0.00
2850124,-19.81,-1.24,-32,0.17,-0.00
2900124,-19.46,-1.28,-33,0.17,-0.01
2950124,-19.63,-1.31,-34,0.17,0.04
3000124,-20.16,-1.28,-33,0.17,0.03
3050127,-20.77,-1.22,-31,0.17,0.03
3100130,-20.33,-1.20,-31,0.17,-0.00
3150133,-19.55,-1.25,-32,0.17,0.00
3200136,-19.55,-1.28,-33,0.17,0.02
3250139,-19.55,-1.31,-34,0.17,0.01
3300142,-20.16,-1.29,-33,0.17,-0.00
3350144,-20.59,-1.24,-32,0.17,0.04
3400145,-20.42,-1.21,-31,0.17,0.03
3450148,-19.90,-1.23,-32,0.16,0.02
3500148,-19.81,-1.25,-32,0.16,0.02
3550150,-19.63,-1.28,-33,0.16,-0.01
3600153,-19.55,-1.31,-34,0.16,0.03
3650153,-20.42,-1.26,-32,0.16,-0.02
3700153,-20.59,-1.22,-31,0.17,-0.02
3750154,-20.07,-1.22,-31,0.17,-0.01
3800154,-19.37,-1.28,-33,0.17,-0.02
3850157,-19.63,-1.30,-33,0.17,-0.02
3900160,-19.81,-1.31,-34,0.17,-0.01
3950163,-20.33,-1.28,-33,0.17,0.05
4000163,-20.68,0.00,0,0.17,0.01
4050164,-12.57,0.00,0,0.16,0.08
4100166,-3.14,0.00,0,0.16,0.05
4150168,-0.17,0.00,0,0.16,-0.08
4200169,0.00,0.00,0,0.17,-0.09
4250171,0.00,0.00,0,0.17,0.00
4300172,0.00,0.00,0,0.17,0.03
4350174,0.00,0.00,0,0.17,-0.00
4400175,0.00,0.00,0,0.17,-0.03
4450177,0.00,0.00,0,0.17,0.01
4500177,0.00,0.00,0,0.17,0.04
4550177,0.00,0.00,0,0.17,0.01
4600178,0.00,0.00,0,0.17,-0.01
4650180,0.00,0.00,0,0.17,0.00
4700180,0.00,0.00,0,0.17,0.01
4750180,0.00,0.00,0,0.17,0.00
4800181,0.00,0.00,0,0.17,0.02
4850181,0.00,0.00,0,0.17,0.05
4900181,0.00,0.00,0,0.16,0.00
4950181,0.00,0.00,0,0.16,-0.02
++++++++++++++++++++++++++++++++++++++++++++++++++++++
Enter a new Wheel Ref: Starting new process at wheel ref = 100
++++++++++++++++++++++++++++++++++++++++++++++++++++++
Reference Wheel: 100
B_U1: 1
B_E0: 0.09
B_E1: -0.02
Sample Rate [ms]: 50
Step Time [ms]: 1000
Run Time [ms]: 3000
Data format: time_stamp_us,wheel_speed_rad_sec,command_volt,command_pwm,pitch_rad,ang_vel_rad_s
-------------------------------------------------------
24,0.00,0.00,0,0.16,-0.00
50028,0.00,0.00,0,0.16,-0.02
100029,0.00,0.00,0,0.17,-0.01
150031,0.00,0.00,0,0.17,0.01
200032,0.00,0.00,0,0.17,-0.01
250032,0.00,0.00,0,0.17,-0.01
300032,0.00,0.00,0,0.17,-0.02
350034,0.00,0.00,0,0.17,-0.01
400037,0.00,0.00,0,0.17,-0.01
450037,0.00,0.00,0,0.17,0.00
500040,0.00,0.00,0,0.17,0.02
550042,0.00,0.00,0,0.17,0.00
600043,0.00,0.00,0,0.17,0.01
650043,0.00,0.00,0,0.17,-0.01
700043,0.00,0.00,0,0.17,-0.01
750044,0.00,0.00,0,0.17,-0.00
800046,0.00,0.00,0,0.17,-0.02
850047,0.00,0.00,0,0.17,-0.01
900047,0.00,0.00,0,0.17,-0.01
950047,0.00,0.00,0,0.17,-0.01
1000049,0.00,9.09,237,0.17,-0.00
1050050,14.05,15.08,255,0.17,0.21
1100052,40.66,18.92,255,0.15,0.28
1150055,61.26,21.36,255,0.15,-0.08
1200055,80.29,22.45,255,0.16,-0.24
1250058,98.17,22.25,255,0.16,-0.22
1300058,114.41,20.91,255,0.16,-0.17
1350061,125.83,18.83,255,0.16,-0.05
1400062,131.60,16.42,255,0.16,-0.44
1450062,135.87,13.74,255,0.17,0.18
1500064,139.18,10.83,255,0.18,-0.14
1550064,141.11,7.80,203,0.18,0.41
1600067,139.18,4.99,130,0.18,-0.32
1650069,129.15,3.05,79,0.19,0.07
1700070,111.52,2.53,66,0.20,-0.20
1750070,91.46,3.52,91,0.20,-0.22
1800073,75.39,5.60,146,0.20,0.41
1850074,74.00,7.52,196,0.19,0.50
1900078,87.61,8.17,213,0.17,0.39
1950079,102.89,7.68,200,0.15,0.51
2000081,110.82,6.75,176,0.15,0.10
2050081,112.49,5.81,151,0.16,-0.24
2100083,108.64,5.25,137,0.17,-0.18
2150087,101.13,5.31,138,0.16,-0.23
2200088,93.98,5.88,153,0.16,-0.25
2250091,91.45,6.54,170,0.16,0.29
2300094,94.50,6.89,179,0.15,0.09
2350094,100.09,6.78,176,0.16,-0.19
2400095,103.41,6.47,168,0.16,-0.05
2450096,104.37,6.14,160,0.16,0.09
2500097,102.54,5.99,156,0.16,0.08
2550097,100.27,6.01,156,0.15,0.03
2600100,99.22,6.08,158,0.15,-0.15
2650102,97.39,6.31,164,0.15,-0.13
2700104,97.21,6.51,169,0.15,0.11
2750106,98.43,6.60,172,0.15,0.23
2800107,100.79,6.50,169,0.15,0.02
2850110,100.26,6.49,169,0.15,-0.13
2900112,101.31,6.38,166,0.15,-0.08
2950115,101.40,6.28,163,0.15,-0.05
3000117,99.83,6.32,164,0.16,-0.07
3050120,99.65,6.35,165,0.16,-0.07
3100122,100.27,6.32,164,0.16,-0.17
3150123,100.18,6.30,164,0.16,-0.03
3200126,98.87,6.41,167,0.16,-0.12
3250126,99.05,6.48,169,0.17,0.11
3300126,100.27,6.43,167,0.16,-0.23
3350129,101.22,6.33,165,0.16,0.06
3400132,100.44,6.31,164,0.16,0.02
3450132,99.83,6.33,165,0.17,0.14
3500135,100.26,6.31,164,0.16,-0.14
3550139,100.44,6.27,163,0.17,-0.32
3600139,99.83,6.30,164,0.16,0.01
3650142,100.00,6.29,164,0.16,0.11
3700145,100.61,6.24,162,0.16,0.17
3750145,99.92,6.26,163,0.16,-0.08
3800145,99.40,6.31,164,0.16,-0.04
3850148,99.22,6.37,166,0.15,0.01
3900151,99.48,6.40,167,0.15,0.06
3950154,99.13,6.47,168,0.15,0.19
4000157,100.18,0.00,0,0.15,-0.05
4050159,82.81,0.00,0,0.15,-0.03
4100160,43.89,0.00,0,0.17,-0.52
4150163,13.09,0.00,0,0.19,-0.22
4200165,2.53,0.00,0,0.18,0.40
4250166,0.00,0.00,0,0.15,0.37
4300168,0.00,0.00,0,0.15,0.02
4350169,0.00,0.00,0,0.15,-0.16
4400169,0.00,0.00,0,0.16,-0.05
4450171,0.00,0.00,0,0.16,0.12
4500172,0.00,0.00,0,0.15,0.15
4550174,0.00,0.00,0,0.15,0.08
4600177,0.00,0.00,0,0.15,-0.02
4650180,0.00,0.00,0,0.15,-0.09
4700181,0.00,0.00,0,0.16,-0.10
4750183,0.00,0.00,0,0.16,-0.07
4800184,0.00,0.00,0,0.16,-0.04
4850186,0.00,0.00,0,0.17,-0.05
4900187,0.00,0.00,0,0.17,-0.08
4950189,0.00,0.00,0,0.17,-0.05
++++++++++++++++++++++++++++++++++++++++++++++++++++++
Enter a new Wheel Ref: Starting new process at wheel ref = -100
++++++++++++++++++++++++++++++++++++++++++++++++++++++
Reference Wheel: -100
B_U1: 1
B_E0: 0.09
B_E1: -0.02
Sample Rate [ms]: 50
Step Time [ms]: 1000
Run Time [ms]: 3000
Data format: time_stamp_us,wheel_speed_rad_sec,command_volt,command_pwm,pitch_rad,ang_vel_rad_s
-------------------------------------------------------
24,0.00,0.00,0,0.21,0.01
50024,0.00,0.00,0,0.21,-0.00
100026,0.00,0.00,0,0.21,0.01
150027,0.00,0.00,0,0.21,-0.00
200030,0.00,0.00,0,0.21,0.00
250030,0.00,0.00,0,0.21,-0.00
300030,0.00,0.00,0,0.21,0.00
350033,0.00,0.00,0,0.21,-0.00
400035,0.00,0.00,0,0.21,0.00
450038,0.00,0.00,0,0.21,-0.00
500040,0.00,0.00,0,0.21,0.01
550044,0.00,0.00,0,0.21,-0.01
600045,0.00,0.00,0,0.21,0.02
650047,0.00,0.00,0,0.21,-0.01
700047,0.00,0.00,0,0.20,0.01
750050,0.00,0.00,0,0.20,0.01
800053,0.00,0.00,0,0.20,0.00
850056,0.00,0.00,0,0.20,-0.00
900056,0.00,0.00,0,0.20,0.01
950059,0.00,0.00,0,0.20,0.00
1000062,0.00,-9.09,-237,0.20,0.00
1050065,-13.96,-15.09,-255,0.21,-0.13
1100068,-40.23,-18.96,-255,0.21,-0.01
1150068,-59.25,-21.58,-255,0.20,0.01
1200070,-73.91,-23.21,-255,0.21,-0.22
1250074,-88.83,-23.75,-255,0.21,0.17
1300077,-101.83,-23.38,-255,0.21,0.18
1350077,-113.62,-22.18,-255,0.19,0.13
1400080,-119.72,-20.63,-255,0.18,0.33
1450080,-124.79,-18.74,-255,0.17,-0.20
1500081,-127.58,-16.68,-255,0.18,-0.54
1550084,-129.93,-14.46,-255,0.19,-0.33
1600084,-131.86,-12.11,-255,0.19,-0.43
1650084,-134.13,-9.59,-250,0.19,0.82
1700085,-136.22,-6.91,-180,0.19,0.16
1750085,-134.22,-4.46,-116,0.20,0.64
1800086,-121.21,-3.16,-82,0.19,0.25
1850086,-98.70,-3.66,-95,0.18,0.24
1900089,-80.54,-5.40,-141,0.18,0.14
1950089,-76.18,-7.22,-188,0.19,-0.34
2000090,-82.20,-8.40,-219,0.20,-0.03
2050094,-91.80,-8.82,-230,0.20,-0.01
2100098,-102.97,-8.40,-219,0.21,-0.29
2150101,-112.13,-7.36,-191,0.21,0.33
2200102,-116.06,-6.12,-159,0.21,0.39
2250105,-113.70,-5.16,-134,0.21,-0.02
2300106,-105.59,-4.90,-127,0.21,-0.20
2350110,-96.33,-5.34,-139,0.20,-0.00
2400110,-91.63,-6.03,-157,0.20,-0.18
2450110,-90.58,-6.74,-175,0.22,-0.48
2500110,-93.29,-7.18,-187,0.22,0.69
2550112,-97.82,-7.25,-189,0.21,0.03
2600115,-102.71,-6.97,-181,0.20,0.26
2650119,-106.72,-6.40,-167,0.19,-0.19
2700119,-107.43,-5.85,-152,0.20,0.06
2750119,-104.89,-5.54,-144,0.20,0.20
2800119,-100.36,-5.60,-146,0.19,0.10
2850119,-96.43,-5.93,-154,0.18,0.17
2900122,-94.42,-6.37,-166,0.17,0.13
2950123,-95.38,-6.69,-174,0.17,-0.01
3000125,-98.26,-6.76,-176,0.18,0.07
3050125,-101.23,-6.62,-172,0.17,-0.51
3100126,-104.37,-6.25,-163,0.18,0.08
3150130,-106.02,-5.78,-150,0.19,-0.13
3200130,-102.71,-5.64,-147,0.18,0.53
3250130,-99.40,-5.75,-149,0.17,0.24
3300130,-96.95,-6.01,-156,0.17,-0.06
3350132,-96.34,-6.29,-164,0.17,-0.14
3400135,-97.65,-6.44,-167,0.16,0.28
3450135,-99.22,-6.46,-168,0.16,0.28
3500137,-100.96,-6.36,-166,0.16,0.05
3550139,-103.32,-6.08,-158,0.16,0.14
3600140,-103.15,-5.85,-152,0.17,-0.48
3650140,-101.23,-5.80,-151,0.17,-0.00
3700143,-98.17,-5.99,-156,0.17,-0.35
3750146,-96.34,-6.29,-164,0.18,-0.18
3800149,-95.81,-6.60,-172,0.18,-0.56
3850152,-97.12,-6.79,-177,0.18,0.18
3900155,-100.18,-6.72,-175,0.18,-0.21
3950155,-103.15,-6.43,-167,0.17,0.40
4000155,-103.85,0.00,0,0.17,-0.21
4050157,-75.13,0.00,0,0.17,0.39
4100160,-23.47,0.00,0,0.13,0.59
4150161,-5.67,0.00,0,0.13,-0.21
4200164,-0.87,0.00,0,0.16,-0.84
4250166,0.09,0.00,0,0.17,0.22
4300166,0.00,0.00,0,0.17,0.08
4350167,0.00,0.00,0,0.17,-0.16
4400170,0.00,0.00,0,0.18,0.02
4450173,0.00,0.00,0,0.17,0.09
4500175,0.00,0.00,0,0.17,-0.00
4550178,0.00,0.00,0,0.18,-0.01
4600178,0.00,0.00,0,0.17,0.03
4650178,0.00,0.00,0,0.18,-0.02
4700179,0.00,0.00,0,0.18,0.01
4750181,0.00,0.00,0,0.18,0.02
4800182,0.00,0.00,0,0.18,-0.02
4850182,0.00,0.00,0,0.18,0.00
4900185,0.00,0.00,0,0.18,0.00
4950185,0.00,0.00,0,0.18,0.01
++++++++++++++++++++++++++++++++++++++++++++++++++++++
Enter a new Wheel Ref: Starting new process at wheel ref = 50
++++++++++++++++++++++++++++++++++++++++++++++++++++++
Reference Wheel: 50
B_U1: 1
B_E0: 0.09
B_E1: -0.02
Sample Rate [ms]: 50
Step Time [ms]: 1000
Run Time [ms]: 3000
Data format: time_stamp_us,wheel_speed_rad_sec,command_volt,command_pwm,pitch_rad,ang_vel_rad_s
-------------------------------------------------------
24,0.00,0.00,0,0.20,0.02
50024,0.00,0.00,0,0.20,-0.00
100025,0.00,0.00,0,0.20,0.01
150028,0.00,0.00,0,0.20,-0.00
200031,0.00,0.00,0,0.20,0.00
250033,0.00,0.00,0,0.20,-0.01
300034,0.00,0.00,0,0.20,-0.00
350037,0.00,0.00,0,0.20,0.01
400037,0.00,0.00,0,0.20,-0.00
450039,0.00,0.00,0,0.20,0.00
500042,0.00,0.00,0,0.20,0.00
550045,0.00,0.00,0,0.20,0.00
600046,0.00,0.00,0,0.20,0.01
650046,0.00,0.00,0,0.20,0.01
700048,0.00,0.00,0,0.20,-0.00
750051,0.00,0.00,0,0.20,0.00
800053,0.00,0.00,0,0.20,0.00
850054,0.00,0.00,0,0.20,-0.00
900054,0.00,0.00,0,0.20,0.01
950054,0.00,0.00,0,0.20,-0.01
1000057,0.00,4.54,118,0.20,0.01
1050058,16.49,6.68,174,0.19,0.20
1100062,47.47,6.30,164,0.18,0.30
1150064,69.72,4.46,116,0.17,-0.08
1200064,77.84,2.29,59,0.19,-0.30
1250064,67.46,1.21,31,0.21,-0.08
1300064,48.96,1.62,42,0.20,0.07
1350064,35.26,2.94,76,0.20,-0.12
1400064,36.22,3.93,102,0.20,0.22
1450064,47.21,3.93,102,0.19,0.23
1500064,56.55,3.29,85,0.18,-0.09
1550064,57.42,2.73,71,0.19,-0.10
1600064,52.53,2.64,68,0.19,-0.07
1650064,47.04,2.95,77,0.19,0.08
1700066,45.73,3.29,85,0.19,0.10
1750066,48.26,3.37,87,0.18,0.03
1800069,50.79,3.26,85,0.18,0.12
1850069,51.31,3.16,82,0.19,-0.03
1900072,52.62,2.94,76,0.19,0.04
1950072,51.66,2.84,74,0.18,0.13
2000074,48.87,2.97,77,0.18,-0.09
2050074,48.17,3.12,81,0.18,-0.03
2100078,48.78,3.20,83,0.18,0.11
2150078,49.74,3.20,83,0.18,-0.10
2200078,50.79,3.12,81,0.18,0.03
2250078,50.44,3.10,80,0.18,-0.13
2300078,50.18,3.09,80,0.19,0.12
2350078,50.27,3.07,80,0.18,0.07
2400078,50.18,3.06,79,0.18,-0.03
2450078,49.92,3.07,80,0.18,0.03
2500080,49.74,3.09,80,0.18,-0.05
2550084,49.91,3.09,80,0.19,0.02
2600085,50.26,3.07,80,0.19,-0.00
2650089,49.65,3.10,80,0.19,-0.04
2700089,49.92,3.10,81,0.18,0.07
2750090,49.48,3.15,82,0.19,-0.01
2800090,50.18,3.12,81,0.19,0.02
2850093,50.35,3.10,80,0.18,0.02
2900096,50.70,3.04,79,0.19,-0.07
2950096,50.09,3.04,79,0.19,0.06
3000099,49.39,3.10,80,0.19,-0.16
3050099,49.39,3.14,82,0.19,0.07
3100099,49.83,3.15,82,0.19,0.09
3150100,50.53,3.10,80,0.19,-0.05
3200102,50.53,3.06,79,0.19,0.19
3250103,49.83,3.08,80,0.18,-0.04
3300105,49.39,3.14,81,0.19,0.07
3350105,49.74,3.15,82,0.18,0.05
3400105,49.83,3.16,82,0.18,0.05
3450105,50.27,3.13,81,0.18,0.07
3500105,50.88,3.06,79,0.18,-0.04
3550105,50.18,3.06,79,0.18,-0.01
3600105,49.74,3.08,80,0.18,-0.01
3650105,49.65,3.11,81,0.18,-0.05
3700106,49.65,3.14,81,0.18,0.13
3750110,50.09,3.12,81,0.18,-0.01
3800110,50.09,3.12,81,0.18,0.06
3850110,50.35,3.09,80,0.18,0.10
3900111,50.26,3.07,80,0.18,-0.02
3950111,49.57,3.11,81,0.18,0.07
4000114,49.65,0.00,0,0.17,0.03
4050115,32.64,0.00,0,0.18,-0.13
4100118,8.64,0.00,0,0.18,0.08
4150119,1.57,0.00,0,0.18,0.18
4200121,0.00,0.00,0,0.17,0.03
4250125,0.00,0.00,0,0.18,-0.08
4300126,0.00,0.00,0,0.18,-0.02
4350128,0.00,0.00,0,0.18,0.05
4400129,0.00,0.00,0,0.18,-0.00
4450129,0.00,0.00,0,0.18,-0.05
4500131,0.00,0.00,0,0.18,-0.02
4550131,0.00,0.00,0,0.18,0.01
4600134,0.00,0.00,0,0.18,0.00
4650137,0.00,0.00,0,0.19,-0.02
4700138,0.00,0.00,0,0.19,-0.01
4750140,0.00,0.00,0,0.19,0.01
4800143,0.00,0.00,0,0.19,0.01
4850144,0.00,0.00,0,0.19,-0.02
4900145,0.00,0.00,0,0.19,-0.01
4950148,0.00,0.00,0,0.19,0.01
++++++++++++++++++++++++++++++++++++++++++++++++++++++
Enter a new Wheel Ref: Starting new process at wheel ref = -50
++++++++++++++++++++++++++++++++++++++++++++++++++++++
Reference Wheel: -50
B_U1: 1
B_E0: 0.09
B_E1: -0.02
Sample Rate [ms]: 50
Step Time [ms]: 1000
Run Time [ms]: 3000
Data format: time_stamp_us,wheel_speed_rad_sec,command_volt,command_pwm,pitch_rad,ang_vel_rad_s
-------------------------------------------------------
24,0.00,0.00,0,0.20,0.00
50026,0.00,0.00,0,0.20,-0.00
100026,0.00,0.00,0,0.20,0.02
150029,0.00,0.00,0,0.20,0.03
200029,0.00,0.00,0,0.20,0.02
250031,0.00,0.00,0,0.20,-0.02
300032,0.00,0.00,0,0.20,-0.01
350035,0.00,0.00,0,0.20,0.01
400037,0.00,0.00,0,0.20,0.00
450040,0.00,0.00,0,0.20,-0.01
500043,0.00,0.00,0,0.20,0.00
550046,0.00,0.00,0,0.20,-0.01
600047,0.00,0.00,0,0.20,0.02
650050,0.00,0.00,0,0.20,0.03
700052,0.00,0.00,0,0.20,-0.02
750055,0.00,0.00,0,0.20,-0.00
800058,0.00,0.00,0,0.20,0.02
850061,0.00,0.00,0,0.20,-0.01
900062,0.00,0.00,0,0.20,-0.02
950064,0.00,0.00,0,0.20,-0.01
1000065,0.00,-4.54,-118,0.20,0.02
1050069,-17.10,-6.63,-172,0.20,-0.20
1100072,-46.51,-6.35,-165,0.21,-0.08
1150076,-64.40,-4.97,-129,0.20,-0.03
1200078,-72.25,-3.21,-83,0.21,-0.07
1250082,-68.24,-1.96,-51,0.21,0.28
1300082,-55.50,-1.79,-46,0.20,0.20
1350082,-41.19,-2.69,-70,0.20,0.02
1400085,-38.39,-3.59,-93,0.20,-0.20
1450088,-45.81,-3.76,-98,0.21,-0.10
1500088,-52.80,-3.43,-89,0.20,0.05
1550088,-54.54,-3.06,-79,0.20,0.01
1600091,-53.75,-2.80,-73,0.20,0.17
1650091,-51.40,-2.75,-71,0.20,-0.09
1700091,-48.61,-2.90,-75,0.20,0.13
1750094,-47.03,-3.14,-82,0.20,-0.00
1800097,-48.26,-3.25,-84,0.20,-0.09
1850100,-50.87,-3.14,-81,0.20,-0.02
1900103,-51.40,-3.02,-78,0.20,-0.03
1950106,-50.87,-2.97,-77,0.20,0.27
2000108,-50.44,-2.95,-76,0.20,-0.03
2050111,-49.65,-2.99,-77,0.20,-0.03
2100111,-49.65,-3.01,-78,0.20,-0.28
2150114,-49.56,-3.04,-79,0.20,-0.16
2200118,-49.83,-3.05,-79,0.21,-0.06
2250121,-50.00,-3.05,-79,0.21,-0.01
2300121,-49.65,-3.08,-80,0.21,0.12
2350124,-50.61,-3.02,-78,0.20,-0.04
2400124,-50.00,-3.03,-79,0.21,-0.06
2450127,-50.09,-3.02,-78,0.21,0.05
2500130,-50.09,-3.02,-78,0.21,-0.04
2550132,-50.09,-3.01,-78,0.21,-0.06
2600135,-50.00,-3.01,-78,0.21,0.15
2650136,-49.83,-3.03,-78,0.21,-0.02
2700139,-50.09,-3.02,-78,0.21,0.02
2750139,-49.92,-3.02,-78,0.21,-0.13
2800141,-49.57,-3.06,-79,0.21,-0.08
2850144,-49.48,-3.10,-80,0.21,0.01
2900148,-50.09,-3.08,-80,0.22,-0.13
2950151,-50.44,-3.05,-79,0.22,0.18
3000154,-50.52,-3.01,-78,0.22,0.03
3050157,-49.74,-3.04,-79,0.22,0.22
3100159,-49.57,-3.07,-80,0.21,0.07
3150162,-49.83,-3.08,-80,0.21,-0.09
3200162,-50.53,-3.03,-79,0.21,-0.01
3250164,-50.70,-2.98,-77,0.21,0.04
3300166,-50.26,-2.97,-77,0.22,-0.16
3350169,-49.65,-3.00,-78,0.21,-0.11
3400172,-49.22,-3.07,-80,0.22,-0.01
3450175,-49.39,-3.11,-81,0.21,0.07
3500177,-50.53,-3.05,-79,0.21,0.03
3550177,-50.18,-3.04,-79,0.22,-0.03
3600178,-50.35,-3.01,-78,0.22,-0.20
3650180,-50.18,-3.01,-78,0.22,0.04
3700183,-50.18,-2.99,-78,0.22,0.03
3750184,-49.92,-3.00,-78,0.22,0.03
3800187,-49.65,-3.03,-79,0.22,-0.07
3850187,-49.83,-3.04,-79,0.22,0.10
3900189,-50.00,-3.04,-79,0.21,-0.16
3950189,-50.09,-3.03,-79,0.22,0.21
4000189,-50.79,0.00,0,0.21,0.07
4050189,-31.68,0.00,0,0.21,0.31
4100192,-8.46,0.00,0,0.20,0.23
4150195,-1.57,0.00,0,0.19,-0.24
4200196,0.00,0.00,0,0.21,-0.39
4250196,0.00,0.00,0,0.22,0.10
4300199,-0.09,0.00,0,0.21,0.17
4350202,0.00,0.00,0,0.21,-0.01
4400205,0.00,0.00,0,0.21,-0.09
4450205,0.00,0.00,0,0.21,0.00
4500205,0.00,0.00,0,0.21,0.05
4550205,0.00,0.00,0,0.21,-0.01
4600208,0.00,0.00,0,0.21,-0.05
4650211,0.00,0.00,0,0.21,0.00
4700211,0.00,0.00,0,0.21,0.04
4750211,0.00,0.00,0,0.21,0.02
4800214,0.00,0.00,0,0.21,-0.01
4850217,0.00,0.00,0,0.21,0.01
4900220,0.00,0.00,0,0.21,0.02
4950222,0.00,0.00,0,0.21,0.02
++++++++++++++++++++++++++++++++++++++++++++++++++++++
Enter a new Wheel Ref: 